1147: 731,203,135
1: 531,701,88,980,371
2: 761,990,550,439
3: 860
4: 117,1013,1152
5: 479,525,586,67
6: 1171,1036
7: 627,610
8: 695,926,746
9: 922,1164
10: 864,26,995,671
11: 216,29,491,194,983
12: 548,554
13: 
14: 403,1070,810
15: 931,157,960,475
16: 518,213,786,256
17: 1145,305,156
18: 506,509
19: 388,1128,1139,774,255
20: 493,424
21: 941,930,810,314
22: 859,644,1097,425
23: 594,851,68
24: 348
25: 232,931,224
26: 864,10,472,444,315,995
27: 878,502,682
28: 1001,974,719
29: 491,1033,194,11
30: 1136,891
1175: 122,801
32: 722,668
33: 253,769,817
34: 713,905
35: 589
1162: 674,644,1012
37: 903,366,462,572,548
38: 81,634
39: 820,686,467,842
40: 174,384,62
41: 434,595
1082: 1084,49,360,221,107,1146
43: 615,551,962,1079
44: 373,657
45: 1134,568,499
46: 123,80
47: 295
1043: 154,533,281,641,969
49: 1082,918,221,688,890
50: 294,593,183,898
51: 828,1020,764
52: 1133,364,1106,307
1068: 156,528
54: 855,1036,393,806
55: 585
56: 276
57: 585,222,369,993,315,81
58: 946,567,1001
59: 179
60: 643,863,625,505
61: 751,733,301,818
62: 384,119,40
63: 1057,881,363
1011: 92,1141
65: 963,611,410,1016
1085: 367,1159
67: 159,586,5
68: 594,23
69: 994,580
1163: 345,1150,1178
71: 703,726,135
72: 1097,743,870
73: 223,212,115
74: 669,407,673
75: 124,100,894
76: 837
77: 1124
78: 1158,247,394
1134: 637,499,1003,45
80: 466,46,1169
81: 38,369,57,222
1136: 30,863
83: 868,501
84: 802,619,1027,1017,437
85: 394
1137: 855,645,806
87: 257,743,477,982,944
88: 352,1,980
89: 482,386,291
90: 733,162,110
1014: 420,154,533,417
92: 1011,507,559,578
93: 434,1047,359,889
94: 262,362,622,854,580
1170: 280,631,778
96: 304,951
1099: 1031,230,527,860
1064: 396,349
99: 1021,337,606,1088,913,158
100: 593,1083,75,124
101: 627,288
102: 575,168,725
103: 142,314,1040
104: 1127,426,1009
105: 327,578,465,1141
106: 838,570,736,879
107: 338,1146,1002,360,1082
108: 161
109: 1075,848
110: 90,162
111: 1037,793,947,955
112: 
113: 350,962,957,779
114: 973,245,538
115: 73
116: 744,326,339,970,381
117: 4,1013,574
118: 321,1045,913,799,1053
119: 590,948,62
120: 1093,999
121: 427,853,1019
122: 415,801,420,1175
123: 848,996,46
124: 75,1083,649,100
125: 987,478,485
126: 900,142
127: 133,218,1057
128: 374,452,954,856
129: 959,552,629,476
130: 747,497,450,287,391
131: 246,1030,757
132: 525,586,1092,1018,311
133: 127,899,139,510
1125: 859,644,180,562,1086
135: 203,1147,71
1098: 767,215,746,246
137: 782,438,175
138: 904,619,838,736
139: 866,1029,133,899,730,510
140: 592,386,482
1060: 335,741,1077,508
142: 103,245,126,538
1093: 120,999,170,1071
144: 147,1128
145: 977,942,460
1169: 429,275,80,466
147: 1032,1128,1139,144
148: 339,927
1038: 775,716,167
1155: 645,250
151: 558,835,897
1086: 972,910,1125,180,511,924,562
153: 876,739
154: 1043,533,667,355,1014
155: 503,530
156: 1068,528,17,1145
157: 15,931,475,823
158: 606,1088,99
159: 67,309,586,441,522
160: 1009,659
161: 108,1160
162: 733,90,110,751
163: 563,1004,189,869,882
164: 823,607,605,422
165: 546,483,613,259,297
1153: 940,665,465
167: 716,1038,290
168: 822,1061,102
169: 975
170: 551,1093,1071
1107: 1069
172: 772,517,1010,549,428,1025
173: 893
174: 40,399
175: 781,776,137,242
1096: 333,555
177: 615,186,1150
178: 332
179: 59,426
180: 599,511,859,1125,1086
181: 620,597,1177
1081: 332,878
183: 593,50,231
1089: 
185: 
186: 177,615,1079
187: 219,327
1154: 666,824,575,725,524
189: 1145,305,1168,1004,163,869
190: 550,412
191: 425,693,423,859
192: 829,296
193: 992,502
194: 983,29,11
195: 457,596
1048: 260,847
1059: 568,1173,555
198: 298,413
199: 474,868,966
200: 908,1129
201: 879,570
1078: 524,404,1113
203: 731,1147,642,135
204: 486,370
205: 371,445,717
1016: 65,611
207: 1161,1103,1000,940
208: 
209: 520,300
210: 607,605,225,424,1034
211: 1035,512,905,701,713
212: 73,223,270,336
213: 16,256
214: 835,423,1111,815,599
215: 767,1098,926,1176,746
216: 691,11,983,331
217: 932,402,664
218: 1164,127,1057,306
219: 187,327
220: 948,377
221: 688,360,1082,49
222: 57,585,81
223: 73,212,336
224: 607,25,232,823
225: 601,210,493,424
226: 497,672
227: 311
228: 316,807,641,656
229: 937,513
230: 485,527,1099
231: 667,355,898,183
232: 25,658,769,224
1168: 702,1004,380,189
234: 689,479,516,759
235: 748,1119,359,889
236: 329,368,676
1061: 739,822,168,790
1004: 1168,702,163,189
239: 749
240: 1122,451,1101,689
241: 718
242: 175,776,253
243: 440,755,1066,1112,971
1150: 345,1163,177
245: 675,142,114,973,538
246: 131,1098,1030
247: 727,858,394,78
248: 821,473,357
249: 269
250: 645,1155,467,1120
1083: 259,649,124,593,100
1035: 211,512,701,709
253: 33,242,776,817
254: 497,489
255: 774,19
256: 1024,786,213,16
257: 1097,87,743,395
1007: 805
259: 297,1083,649,165,483
260: 1048,847,1172
261: 
262: 94,362
1143: 651,665
264: 717,980
1114: 
266: 802,619,838
267: 718,322
268: 329
269: 249
270: 212,396
271: 691,331
272: 308,949,412
1101: 498,240,689
1131: 632
275: 429,1169,912
276: 56
277: 449,914,569
1102: 970,766,1149,1069
1126: 1158,630,560
280: 1170,631,778,981
281: 399,641,1043
282: 311
283: 554,797,341,949
284: 427,816,933
1119: 359,235,748
286: 779,957
287: 489,526,130,391,446
288: 401,101
289: 878,1039
290: 803,328,716,167
291: 818,1117,89
292: 849
1052: 1109,1073,843
294: 50,898
295: 47
296: 1049,192
297: 259,649,165,616,795
298: 198,600,849
299: 
300: 520,1041,209,666,824,1062
301: 733,61,818
1139: 1128,19,147,1032
303: 740,1165,985,1148
304: 96,706,928,951
305: 17,1145,189,869
306: 881,218,1164
307: 986,52,1132,1106
308: 949,272,412
309: 159,441
310: 982,395,935
311: 227,282,1092,132
312: 1006,459
313: 905,512
314: 1040,21,941,103
315: 444,993,26,57,585,995
316: 228,807,553
1049: 1115,592,556,296
318: 1077
1070: 403,14,930,810
320: 352,709
321: 118,1045,946,567
322: 416,267,718
323: 347,780,875,370,486,917
324: 687
1028: 519,965,887,914
326: 744,116,970
327: 105,187,219
328: 653,290,1044
329: 368,236,268
330: 1152,1013
331: 216,901,271
332: 178,1081
333: 1096,748
334: 805,1054
335: 1060,741,734
336: 223,212
337: 1165,1132,1148,1021,99,1088
338: 107,1146,1002
339: 927,148,116,381
340: 963,611,1022,1056,409
341: 949,283
1024: 786,256,545,398
1037: 111,430,947,955
1103: 207,1161,1000,940,635,579
345: 1150,1163,372,1178
346: 559,578,1174
347: 447,984,780,323
348: 948,377,24,942
349: 1064,535
350: 113,779,565
351: 556,1151,581
352: 88,320,709
353: 742
1151: 581,351
355: 667,231,898,154
356: 367
357: 1029,912,473,248
358: 
359: 1119,235,93
360: 221,107,1082
1005: 921,697,867
362: 94,262
363: 681,63,881,812
364: 52,1106
365: 923,421,549,1025
366: 37,903,753
367: 557,1085,356
368: 329,236,676
369: 516,993,81,57
370: 875,323,204,486
371: 205,531,1,980,699
372: 1178,345
373: 44
374: 452,128,1008,877,587
1128: 388,19,1139,147,144
376: 428,469,517,952,1033
377: 348,948,942,220,939
1160: 397,161,528
1006: 312,459
380: 397,1168,528
381: 970,116,339
1164: 218,9,306
1077: 1060,741,508,318
384: 62,40,399,807
1074: 1015,775
386: 140,592,482,89
1033: 952,491,519,569,376,469,29
388: 1128,19,774
1066: 440,243,923,971
390: 704
391: 572,446,130,450,287
392: 932,402,715
393: 54
394: 858,247,1158,78,85
395: 425,935,310,257
396: 1064,535,270
397: 1160,380,528
398: 730,545,1024,786
399: 281,174,384,807
400: 621,1135
401: 288
402: 392,217,967,715
403: 14,1070,670
404: 991,1113,1062,824,524,1078
405: 
1075: 109,848
407: 669,851,74
1110: 
409: 1056,340,611,726
410: 455,65
411: 561,750,925
412: 308,272,190
413: 198
1032: 147,534,1084,918,1139
415: 122,533,419,969,420
416: 322,417
417: 416,667,1014
1002: 338,107
419: 656,969,415
420: 1014,533,122,415
421: 365,549,1025
422: 605,164,1034,777
423: 693,1111,191,599,214
424: 493,20,225,210,1034
425: 395,191,935,859,22
426: 104,1127,179
427: 284,121,1019
428: 376,469,1025,517,172,1010
429: 275,1169,466,1029,899
430: 826,1037
431: 537,921
1084: 1082,918,1146,534,1032
1030: 131,246,1130
434: 41,93,1047,584,700
1135: 621,400,680,683
436: 595,796,791
437: 1027,84
438: 825,720,137,782
439: 2,761,729
440: 755,243,934,1066
441: 522,159,309
442: 1039,737
443: 1104,814,620
444: 993,315,26,472
445: 205,699
446: 572,391,287
447: 347,738,875
448: 1042,812
449: 680,277,683
450: 947,747,130,391
451: 1122,240,490
452: 374,128,954,1008
453: 1009
454: 687
455: 729,410,608
456: 
457: 195
458: 624,876
459: 312,1006
460: 145,964
461: 794,841
462: 37,903,548
463: 925,704,547
1067: 891
465: 1141,105,665,1153
466: 80,429,1169,899
467: 806,250,39,820
1079: 962,615,186,43
469: 428,376,1025,519,1033
470: 793,654
1130: 1030,480
472: 864,26,444
473: 912,821,248,357
474: 199,633,670,501,868
475: 960,15,157,755
476: 1044,629,959,129
477: 779,565,982,944,87
478: 125,485
479: 689,234,5,1018,525
480: 1130
481: 596,967
482: 140,386,89
483: 546,165,659,259,1157
484: 663
485: 230,125,478
486: 204,370,323,917
1017: 678,1027,619,84
1165: 303,337,740,1132,1133,1021
489: 287,526,497,254
490: 790,451,1124
491: 952,1033,29,1138,11
1091: 
493: 424,20,225,601
1156: 1179
495: 928,934,960
1069: 1107,766,1102
497: 130,672,226,254,489
498: 1101
499: 1003,1134,45
500: 991,1113,1140,695
501: 837,633,474,83,868
502: 773,193,27
503: 155,530
1112: 887,243,971
505: 616,795,762,1095,60
506: 18,745
507: 920,961,559,92
508: 1060,1077
509: 18
510: 788,139,133,730
511: 180,1086
512: 211,1035,905,313
513: 888,937,229
1012: 924,562,1162
1158: 1126,78,394
516: 369,234,759
517: 172,1010,428,376,952
518: 598,16,788
519: 569,965,1028,469,1033
520: 300,1041,209
1179: 1161,1000,1156
522: 441,159
523: 538,1040
524: 725,1078,1154,824,404
525: 586,132,1092,1018,5,479
526: 287,489,867
527: 230,1099
528: 156,1068,1160,397,380
529: 757,1173,618
530: 666,155,503
531: 701,1,713,371,699
1115: 732,1049
533: 1043,154,969,420,1014,415
534: 1032,1146,1084
535: 396,349
1010: 772,517,172,428,1055,1167
537: 431,801,921
538: 523,245,142,114
1047: 434,93,889,700
540: 825,720
1023: 798,864
542: 873
1092: 1018,311,525,132
544: 1003
545: 874,398,1024
546: 165,483,659
547: 925,463,772,750
548: 12,572,37,462
549: 365,421,1025,772,172
550: 190,2,990
551: 170,987,43
552: 909,1053,629,1045,129
553: 684,316,656,628
554: 12,797,283
555: 1096,1173,1059
556: 351,592,581,1049
557: 367
558: 151
559: 346,578,961,507,92
560: 630,1126
561: 411,750,1055
562: 924,1012,644,1125,1086
563: 163,663,882
1133: 52,740,1165,1132
565: 982,350,779,477
566: 920
567: 1001,974,321,1045,58,946
568: 1059,45
569: 519,965,277,1033
570: 106,201
1117: 818,291
572: 391,446,37,548
573: 902,654
574: 117,1013
575: 1154,725,102
576: 
1140: 500,991
578: 346,559,92,105,1141
579: 635,1103,1000
580: 854,69,622,94
581: 1151,351,556
1036: 54,855,6
583: 
584: 1095,700,434
585: 57,222,315,995,55
586: 525,132,5,159,67
587: 374,877
1124: 490,77
589: 734,741,35
590: 119
591: 813
592: 140,386,556,1049
593: 100,183,1083,50
594: 851,23,68
595: 436,791,41
596: 481,831,195
597: 814,620,181
598: 518,681
599: 180,423,214
600: 1008,298
601: 225,493
602: 737,1166,771,603
603: 602,1166,771
604: 914,884,777
605: 210,607,164,1034,422
606: 1073,1088,913,158,99,799
607: 210,224,605,823,164
608: 829,761,729,455
1009: 160,104,453
610: 856,7
611: 65,963,340,409,1016
612: 904
613: 1095,700,165,616
1172: 260,847
615: 177,186,1079,43
616: 505,795,1095,613,297
1055: 561,750,772,1010,1167
618: 529,757,637
619: 802,266,84,1017,138
620: 181,814,443,597
621: 1135,400
622: 580,94
623: 924,910
624: 458,822
625: 692,60,863
1046: 
627: 101,870,7
628: 553,656
629: 909,552,653,476,1044,129
630: 560,1126,813
631: 280,1170,981
632: 1131
633: 670,837,501,474
634: 759,38
635: 579,1103,1000
1025: 428,469,365,421,549,172
637: 1134,618
638: 954,673
639: 1109,1148
640: 966
641: 228,281,1043,969
642: 731,203
643: 60,863,762
644: 859,22,1125,674,1162,562
645: 806,250,1155,1137
646: 963,1022
1021: 99,337,1165,1132,986
648: 764,956
649: 259,297,1083,795,124
650: 749
651: 1143
652: 805
653: 803,328,843,629,1044
654: 793,470,902,573
1045: 118,321,1053,552,567,974
656: 419,228,553,628
657: 44
658: 232,769
659: 546,483,160
1145: 17,305,189,156
1031: 1099,860,935,693
662: 1108
663: 484,563
664: 967,217
665: 940,1153,465,1143
666: 1154,530,824,300
667: 231,355,154,417
668: 32
669: 1019,407,74,673
670: 633,403,474
671: 10
672: 747,497,226
673: 669,74,638
674: 870,644,1162
675: 900,245
676: 937,236,368
1161: 207,1103,1000,1179
678: 1017,789,1027
1111: 423,815,214
680: 449,862,1135,683
681: 363,598,1042
682: 27
683: 449,680,1135
684: 553
1132: 337,1165,1133,307,986,1021
686: 842,848,39
687: 324,454
688: 221,872,49,890
689: 234,479,1101,240
1029: 139,357,866,429,899
691: 216,271
692: 886,625
693: 423,1031,860,191,935
1104: 981,443
695: 8,500
1121: 796,791
697: 921,1005
1176: 926,215
699: 531,371,445
700: 584,613,434,1047
701: 531,1,709,211,1035,713
702: 1168,1004,732
703: 71,726
704: 390,976,463
1026: 882,787
706: 1042,304
1022: 963,340,646
1177: 181
709: 701,320,1035,352
1171: 6
711: 
1173: 529,1059,555
713: 34,211,905,531,701
714: 
715: 831,392,402
716: 775,1038,167,290
717: 264,205
718: 267,322,241
719: 933,28
720: 540,438,782
721: 929,1129,945
722: 32
1129: 929,721,953,908,200
1157: 483
725: 524,1154,575,102
726: 703,71,409
727: 247,731,858
1142: 796,907,886
729: 455,761,439,608
730: 398,139,866,510
731: 203,1147,642,727,858
732: 1115,702
733: 90,162,751,61,301
734: 589,335
735: 744,927
736: 838,106,138
737: 602,442,771
738: 875,447
739: 822,1061,153
740: 303,1165,985,1133
741: 335,1060,1077,589
742: 353,900
743: 1097,257,87,944,72
744: 116,326,735
745: 506
746: 926,8,215,1098
747: 130,672,450
748: 235,333,1119
749: 650,239
750: 411,561,1055,547,925,772
751: 61,733,162
1097: 257,743,72,22
753: 366
1159: 926,1085
755: 440,243,475
756: 844
757: 529,131,618
758: 961
759: 234,516,634
760: 
761: 2,990,439,608,829,729
762: 505,795,643
1088: 1073,606,158,337,1109,1148,99
764: 648,51
1095: 584,613,505,616
766: 1149,1102,1069
767: 215,1098
1108: 1105,662
769: 33,232,658
770: 
771: 737,602,603
772: 172,1010,547,549,750,1055
773: 502
774: 255,388,19
775: 716,1038,1015,1074
776: 781,175,242,253
777: 1034,422,850,604
778: 841,794,280,1170
779: 286,477,113,350,565
780: 347,984,323,917
781: 175,776
782: 137,720,438
783: 
1120: 250,820
1027: 825,678,1017,437,84
786: 1024,256,398,16
787: 1026
788: 510,518
789: 678
790: 490,1061
791: 796,1121,436,595
1019: 669,427,121
793: 654,470,111
794: 461,841,778
795: 505,616,762,297,649
796: 791,1142,1121,436
797: 554,283
798: 819,864,1023
799: 1073,606,118,909,1053
1034: 777,210,605,424,422
801: 122,537,1175
802: 619,266,84
803: 653,290,843
1041: 520,300,1062
805: 652,334,1007
806: 645,54,855,1137,467
807: 316,228,384,399
1062: 991,404,300,1041,824
1015: 1074,775
810: 21,14,1070
1106: 844,364,52,307
812: 363,448,1042
813: 630,591
814: 443,597,620
815: 1111,214,835
816: 284
817: 253,33
818: 1117,291,61,301
819: 798,933
820: 39,467,1120
821: 248,888,473
822: 739,1061,624,168
823: 164,157,607,224
824: 666,1154,300,404,1062,524
825: 1027,540,438
826: 964,430
827: 
828: 1056,51,1020
829: 608,192,761
1138: 952,491
831: 715,596
832: 850,884
1057: 63,127,218
1141: 465,578,1011,105
835: 151,214,815,897
1113: 500,991,404,1078
837: 76,501,633
838: 106,736,138,266
1020: 1056,828,51
1105: 891,1108
841: 778,794,461
842: 848,996,686,39
843: 1052,653,803
844: 756,1106
1109: 639,1052,1073,1088
1056: 828,1020,340,409
847: 260,1048,1172
848: 842,123,686,1075,109
849: 1008,292,298
850: 832,777
851: 594,23,853,407
1149: 766,970,1102
853: 851,121
854: 580,94
855: 54,1036,1137,806
856: 610,877,128
1054: 334
858: 394,727,247,731
859: 22,644,1125,425,191,180
860: 975,3,1099,1031,693
1018: 1092,525,132,479
862: 680
863: 60,643,625,1136
864: 10,26,472,798,1023
1146: 338,107,1084,1082,534
866: 139,1029,730
867: 526,1005
868: 83,501,199,474
869: 882,163,305,189
870: 627,72,674
1152: 1039,330,4
872: 688,890,894
873: 542
874: 545
875: 370,738,447,323
876: 458,153
877: 856,374,587
878: 27,1081,289
879: 201,106
880: 939,977,964
881: 63,306,363
882: 869,563,163,1026
1127: 104,426
884: 914,604,832
885: 
886: 692,1142
887: 1112,1028
888: 513,821
889: 235,93,1047
890: 688,872,918,49
891: 1105,30,1067
892: 
893: 173
894: 872,75
1053: 909,552,799,118,1045
1073: 606,1088,1109,1052,799
897: 151,835
898: 231,355,50,294
899: 133,429,466,139,1029
900: 675,126,742
901: 983,956,331
902: 573,654
903: 37,366,462
904: 138,612
905: 313,211,512,34,713
1044: 476,653,328,629
907: 1142
908: 200,1129
909: 1053,552,629,799
910: 972,1086,924,623
1122: 451,240
912: 473,275,357
913: 606,99,118
914: 604,884,965,1028,277
1071: 987,1093,170
1040: 314,103,523
917: 780,323,486
918: 1084,49,890,1032
1008: 600,849,954,374,452
920: 566,507
921: 1005,697,537,431
922: 9,1174
923: 365,971,976,1066
924: 562,1012,910,1086,623
925: 463,547,411,750
926: 1159,1176,8,215,746
927: 339,148,735
928: 951,934,495,304
929: 721,1129,953,945
930: 21,1070
931: 15,157,25
932: 392,217
933: 719,284,819
934: 928,495,960,440
935: 425,395,310,1031,693
1166: 602,603
937: 676,229,513
1167: 1010,1055
939: 880,377,977
940: 665,1153,207,1103
941: 21,314
942: 145,977,348,377
1039: 1152,289,442
944: 477,87,743
945: 929,721,958
946: 58,321,567
947: 450,111,1037,955
948: 348,377,119,220
949: 308,341,283,272
950: 998
951: 928,96,304
952: 491,1033,376,517,1138
953: 929,1129
954: 638,1008,452,128
955: 111,1037,947
956: 983,648,901
957: 962,113,286
958: 945
959: 129,476
960: 475,15,934,495
961: 758,507,1174,559
962: 1079,113,43,957
963: 65,340,611,646,1022
964: 826,977,460,880
965: 519,569,1028,914
966: 640,199
967: 664,402,481
1013: 117,4,330,574
969: 419,641,1043,533,415
970: 1102,381,116,326,1149
971: 923,243,1066,1112
972: 910,1086
973: 114,245
974: 567,1001,1045,28
975: 860,169
976: 704,923
977: 145,942,880,939,964
1003: 499,1134,544
1042: 448,706,681,812
980: 264,88,1,371
981: 1104,280,631
982: 565,477,310,87
983: 194,956,216,11,901
984: 347,780
985: 303,740
986: 307,1132,1021
987: 125,1071,551
1174: 922,961,346
1178: 372,345,1163
990: 2,761,550
991: 500,404,1113,1062,1140
992: 193
993: 444,315,369,57
994: 69
995: 315,10,26,585
996: 842,123
1148: 639,303,337,1088
998: 950
999: 120,1093
1000: 207,1161,1103,635,579,1179
1001: 567,974,58,28