0: 797,867,83
1: 70,273,352,320,660,657
2: 729,655,66,410
3: 935,975,693
4: 117,289
5: 67,586,240,634
6: 855,806
7: 288,435,101
8: 1019,632,1030,150,215,36
9: 218,922,306
10: 671,849,995
11: 517,376,216,200,952
12: 
13: 317,59,131,159,441
14: 614,810,403,110
15: 224,232,157,607
16: 706,598,213
17: 305
18: 622,362,94
19: 774,388,708,295
20: 784
21: 883,415,420
22: 743,395,425,72,541
23: 959,476,186,68,594
24: 984,119,804
25: 232,658,754
26: 
27: 1034,878,1014,502,515,342
28: 552,1053,719
29: 983,956,216,764,194
30: 1067
31: 819
32: 722,283,873
33: 225,769,770,253,493
34: 905,313
35: 233,1077,418,811
36: 805,767,557,215,8,1030
37: 391,572,865
38: 69,222
39: 820,936
40: 316,220,174
41: 436,613,895,93,1047,584
42: 1016,517,1055
43: 68,113,551,177,186,1008
44: 471,509,320,724
45: 499,595,791
46: 80,91,64,123,996
47: 532,147
48: 500,926
49: 107,918,688,360,1040
50: 898,641,259,355
51: 252,621,400,1032,1020
52: 307,986,458,503,624
53: 514,565,1044,87
54: 897,459,260
55: 361,995,671
56: 279,661,71
57: 759,222
58: 77,710,617
59: 13,317,131,333,555,179
60: 616,165,863,643
61: 818,751,679,733,162
62: 948,939,684,497
63: 922,306,881,188,1042
64: 429,1011,123,46
65: 963
66: 583,655,2
67: 309,5,861,441
68: 43,113,186,23,962
69: 38,994
70: 273,1,709,373
71: 988,726,703,56,661
72: 743,22,627,541
73: 115,223
74: 206,401
75: 894,322,890,1040,774,708,255
76: 797,722,283
77: 58,492
78: 85,394,813
79: 850,862,277
80: 91,133,46,730
81: 362,585
82: 738,875
83: 582,0
84: 888,619,487,438,266
85: 78,394,276,591
86: 453,584,613,659,700
87: 982,565,514,53,477,779
88: 657,660,711,205,264,717
89: 1076,1017,380
90: 148,690,733,927
91: 80,133,46,269,996
92: 507,559
93: 41,1047,889,434,584
94: 854,622,18
95: 247,929,958,858,560
96: 1004,1028
97: 724,590,262
98: 1006,177,1008
99: 458,696,158,606,876,913,799
100: 378,241,593
101: 435,7,877
102: 168,1061,325,524,375
103: 314,810,723,142,523
104: 426,889,359,453,235
105: 760,465
106: 736,838,786,879,256,677
107: 49,360
108: 
109: 1075,897,835,151
110: 238,523,810,14,1037
111: 947,793,955
112: 1054,1048
113: 43,68,551,350,962
114: 574,538,330
115: 73
116: 744,326,970,381
117: 4,330
118: 799,909,1018,1015,1053,321,354
119: 917,24,984
120: 336,987,588,170
121: 407,853,673,638
122: 930
123: 842,64,46,996
124: 399,885,483,898,259
125: 336,1071,478
126: 533,1005,245,979
127: 139,1057,788
128: 374,954,433,856
129: 328,816,959,166
130: 450,391
131: 13,59,1019,159,480,555
132: 282,695,311,227,522
133: 80,91,899,466
134: 285,340,827,901,1020
135: 800,703,1056,1026,726
136: 575,822,739
137: 540,438,263,802
138: 619,266
139: 398,127,788
140: 592,1017,668,581
1060: 335,741,508
142: 538,416,103,314,723
143: 243,365,1066,923
144: 992,295,147,178
145: 264,964,471,711
146: 680,400,195,1032,646
147: 47,532,144,295,178
148: 90,301,685
149: 
150: 215,282,8,632
151: 558,214,835,109,1011
152: 272,949
153: 564,913
154: 488,641
155: 666,530,575
156: 1068,189
157: 607,755,15
158: 696,99,337,639,606,1073
159: 227,522,480,309,13,131,441
160: 258,204,235
161: 528,1068
162: 733,1037,679,61
163: 563,882,869
164: 965,440,971,243
165: 795,616,60,1043,546
166: 129,816
167: 615,170,1031,1006
168: 102,822,725,790,1061
169: 349,1064,527
170: 615,167,588,120
171: 430,573,379,445
172: 428,577,1016
173: 368,893,313
174: 294,281,40,316
175: 253,776,263,437,242
176: 447
177: 615,98,1006,186,1008,43
178: 147,144
179: 580,370,408,317,59,333
180: 423,975,543
181: 597,721,278
182: 567
183: 593,355,231,1063,1023
184: 780,984
185: 530
186: 476,1008,177,43,68,23
187: 578,922,881
188: 1057,788,1042,306,63
189: 528,752,156
190: 272,308,949,412
191: 423,1027,911,859,599
192: 663,608
193: 255,1039,774,388
194: 376,569,648,29
195: 707,596,146,680,583,646
196: 202,542,705,868,640,482,1013
197: 928,960,1033
198: 298
199: 474,868,640,679,966
200: 952,691,11,1055,271
201: 754
202: 705,196,482,1013
203: 642,1026,727,731
204: 258,160,235
205: 371,379,980,88,657
206: 74,401,944,743,627
207: 579
208: 637,1058
209: 1062
210: 224,931,424
211: 701,980
212: 349,223,230,1012
213: 677,706,16
214: 599,151,1027,835
215: 150,557,36,8
216: 29,983,376,11,952
217: 462,664
218: 9,466,306
219: 998,327,651
220: 281,40
221: 688,360,1067
222: 57,38
223: 73,212
224: 15,931,210,232
225: 33,769,770,424,931
226: 880,826
227: 159,522,480,132,632
228: 316,628
229: 789,676,329,937
230: 212,485,1012
231: 488,183,969,1023
232: 25,15,224,931
233: 35,916,1077
234: 634,759,240,516,369
235: 204,160,104,453
236: 676,644,674,937
1061: 790,102,168,375
238: 523,110,1049,1065
239: 749
240: 689,516,5,234,634
241: 378,100,762,872,894,267
242: 782,817,175,253
243: 143,971,365,440,1066,164
244: 975,543
245: 979,126,675
246: 555,757,1046,1019,1030
247: 95,271,929,691,858,731
248: 562,924
249: 936,414
250: 358,820,687
251: 706,598,448,1029,304
252: 621,51,862,764,400
253: 175,242,33,769
254: 497
255: 193,353,1039,75,322,774
256: 879,382,106,677
257: 743,395,310,944
258: 204,160,323,486
259: 50,898,124,483,297
260: 261,459,54
261: 811,459,318,260
262: 509,97
263: 437,802,137,175
264: 145,964,711,88,717,460
265: 841,925,463
266: 802,781,84,619,138
267: 894,322,241,718
268: 329
269: 414,996,91
270: 396
271: 247,929,1055,571,200,691
272: 152,190,1022,949,457
273: 70,1,709,980,657
274: 614,1037
275: 511,972,1024,429,1011,623
276: 800,703,85,591
277: 683,884,79
278: 958,721,181,560
279: 56,661,409,611
280: 631,411,463
281: 220,384,174,294
282: 132,695,991,150
283: 32,722,76,341
284: 669,433,638
285: 134,1056,901,331,1026
286: 477,779,957,962,401
287: 697,489
288: 7,435,673
289: 973,682,4
290: 653,504,629,1021
291: 1076,1013,380
292: 427,819
293: 555,757,333,1038
294: 174,281,641
295: 144,992,19,388,147
296: 761,829,556
297: 483,546,649,795,259
298: 671,361,198
299: 1020,439
300: 356
301: 685,397,818,148
302: 714,945,814,721,597
303: 985,337,639
304: 1004,251,448,1028,1029,951
305: 869,17
306: 922,63,218,9,1057,188
307: 52,364,844,756,624
308: 949,190,550
309: 67,586,159,522,441
310: 982,860,935,257,395
311: 525,132,695,522,586
312: 811,459,418,815
313: 173,34,905
314: 103,883,142,416
315: 585
316: 40,228,174
317: 13,59,580,179
318: 508,521,261,811
319: 533,536
320: 352,1,660,44
321: 552,1053,629,1021,118,909
322: 75,894,267,255,353
323: 258,486,384
324: 698,358,687,566
325: 524,102,490,375
326: 744,116,970
327: 363,760,219
328: 129,816,974,476,1045,959
329: 268,229,789
330: 973,114,117
331: 983,901,952,285,642,1026
332: 1014
333: 59,293,555,757,1038,179,408
334: 1048,805
335: 1060,741,734
336: 987,1071,125,120
337: 303,985,639,740,696,158
338: 534,918
339: 927
340: 134,1056,1025
341: 554,831,283
342: 27,1014
343: 541,870,1036,859,910,644
344: 840,694,847,686,848
345: 372,588,1031
346: 559,758,961,578
347: 780,447
348: 948,939,377
349: 212,1012,169
350: 565,478,1044,113,962,779
351: 550,581,990,556
352: 320,745,373,1
353: 255,1039,322,742
354: 118
355: 593,183,50,641
356: 367,300
357: 612,912
358: 250,687,324
359: 104,426,889,434,370,783
360: 688,221,1067,107,49
361: 55,745,373,298
362: 81,622,18
363: 327
364: 307,986,844
365: 143,971,243,765,428,519
366: 601,903,470
367: 356,500
368: 173,893
369: 516,234
370: 580,179,408,783,426,359
371: 531,379,205,701,980
372: 345,588,405
373: 745,361,352,70
374: 954,128,600
375: 492,490,102,1061,325
376: 194,569,491,11,517,216
377: 939,942,348,977,880
378: 100,241,649,762
379: 531,371,205,171,430
380: 89,291
381: 116,970
382: 879,754,256
1077: 35,233,741
384: 281,323,486
1074: 775
386: 732,592
387: 998,950
388: 19,774,193,992,295
1066: 475,440,976,143,243,923
390: 704,1035
391: 37,130,446
392: 932
393: 855,847,840
394: 78,85,813
395: 257,22,310,935,425,693
396: 1064,270
397: 301,685,528,752
398: 866,139,788,1001,510
399: 124,486,885,659
400: 146,680,862,252,51,1032
401: 74,206,944,957,286,477
402: 715,932
403: 1070,14
404: 824,695
405: 999,372
1075: 109,897,694,686
407: 121,851,594,853
408: 370,179,783,333,748,1009,1038
409: 611,279,661
410: 828,655,809,2,729
411: 561,925,463,280
412: 990,190,1022
413: 512,600
414: 269,996,842,936,249
415: 420,807,968,21
416: 142,883,941,1005,314
417: 536,667,420,807,533,941
418: 35,811,312
419: 728,801
420: 415,807,417,21,941
421: 519,491,469
422: 823,871,887,607,755,605
423: 180,191,543,1027
424: 225,770,931,210
425: 693,22,395,541,1036,626
426: 104,359,370,875
427: 452,292
428: 172,519,365,772
429: 64,1011,275
430: 171,573,379,717
431: 501,837,921,633
432: 
433: 673,638,284,128,856
434: 889,359,748,783,568,1047,93
435: 7,288,856,101
436: 41,895,692
437: 263,802,781,175,776
438: 84,487,137
439: 828,299
440: 475,1066,1033,164,243
441: 159,67,309,13
442: 737
443: 814,620
444: 492,993
445: 720,171
446: 548,391
447: 176,347
448: 681,812,1028,598,251,304
449: 777,884,914,648
450: 130,955,753
451: 516,498,490,993
452: 427
453: 86,584,104,889,235
454: 820,687
455: 
456: 
457: 707,596,481,272,1022
458: 696,99,52,503,876
459: 261,811,312,260,54
460: 717,264,964,839
461: 794
462: 932,217,664,647
463: 411,925,265,841,631,280
1067: 30,360,221
465: 105
466: 133,218,1057
467: 806,855,847,848
468: 972,1024
469: 914,604,965,971,421
470: 493,654,366,601
471: 711,44,724,145
472: 798
473: 623,730,912
474: 199,966,614
475: 440,1066,976,934,960,1033
476: 186,1045,1008,328,959,23
477: 286,779,87,401,944
478: 350,1044,987,125,551
479: 525,689,498
480: 159,227,1019,632,131
481: 967,707,457
482: 1076,1013,202,705,196,668,1017
483: 297,546,885,830,124,259
484: 663
485: 514,535,230,1012
486: 399,258,323,384
487: 84,888,893,438
488: 154,231,969
489: 672,287
490: 375,993,325,451
491: 421,376,569,517
492: 444,375,77
493: 470,33,770,601
494: 
495: 706,1029,928
1069: 766
497: 254,62,553,684
498: 451,689,479
499: 45
500: 48,367,746
501: 431,633
502: 515,992,27
503: 624,52,458,876,564
504: 290,653
505: 795,616,643,649,762
506: 745,509
507: 961,559,92
508: 318,1060,741,521
509: 262,506,44
510: 518,398,788,1001
511: 275,972,1024,562,623
512: 413,600,610
513: 978,904
514: 485,53,535,565,1044,87,982
515: 502,773,27,1034
516: 240,451,369,234
517: 11,1016,42,491,376
518: 510,1042
519: 421,428,971,365
520: 1062
521: 318,508
522: 159,227,132,311,309,586
523: 238,110,103,810,723,574,1049
524: 325,102
525: 311,479,689,586
526: 670,867,548
527: 169
528: 161,752,685,397,189
529: 618
530: 155,666,185
531: 371,379,699,713
532: 47,147,534
533: 319,126,536,417,941,1005
534: 338,532
535: 485,514,1012,982,860
536: 1023,667,417,533,319,1002
537: 728,801
538: 142,723,114,574
539: 
540: 137,825,768
541: 870,343,1036,626,22,425,72
542: 705,196,868
543: 975,244,180,423
544: 1007
545: 786,1001,874,866,736
546: 483,297,1043,830,795,165
547: 772,1000,750,561,925
548: 446,572,526
549: 772,765,1000,923,1035
550: 351,581,308
551: 43,113,987,478
552: 1053,629,321,974,28
553: 628,684,497
554: 831,797,341
555: 246,293,757,1046,1019,59,131,333,1038
556: 351,990,296,829
557: 926,652,215,805,36
558: 151,972,1011
559: 346,507,92
560: 95,958,278,858
561: 411,925,547,750
562: 248,1024,511,623
563: 163,732
564: 876,503,153
565: 350,1044,514,53,779,87
566: 698,324
567: 719,182,617
568: 1047,595,748,1003,434
569: 194,376,648,491
570: 736,838,821
571: 1055,908,271,929
572: 37,865,548
573: 171,430,839
574: 114,1049,538,723,523
575: 822,136,155
576: 
577: 750,172,1016
578: 187,346
579: 207,1072
580: 370,179,317
581: 351,550,140
582: 83,837
583: 655,66,195,596,646
584: 86,453,889,41,613,93
585: 315,81
586: 309,5,525,311,522
587: 610,792,877
588: 345,372,170,120
589: 1064,916
590: 724,97
591: 988,276,85
592: 140,1017,386
593: 355,183,100,1063
594: 851,23,407
595: 568,1047,45
596: 195,707,457,1022,583
597: 181,620,302,814,721
598: 16,251,448,681
599: 214,191,1027,911
600: 413,512,374
601: 366,470,493,770
602: 737,771,603
603: 602,771
604: 965,823,887,469,914
605: 607,422,871
606: 1073,1015,99,158,799
607: 157,755,15,605,422
608: 192
609: 794
610: 587,938,512
611: 409,279
612: 357,912,904
613: 41,895,86,584,700
614: 274,14,1037,474
615: 170,167,177,1006
616: 795,505,60,165,643
617: 710,567,58
618: 529
619: 84,888,678,138,266
620: 597,443
621: 252,51,827,808,764,956,1020
622: 362,94,854,18
623: 473,730,511,275,562
624: 503,52,307,756
625: 692
626: 541,1036,425
627: 206,743,72
628: 553,684,228
629: 552,321,1021,290,974
630: 813,892
631: 280,778,463
632: 1019,8,150,227,480
633: 930,431,501
634: 861,234,759,240,5
635: 989,665,950,940,1072
636: 676
637: 208
638: 433,673,853,669,121,284
639: 303,337,158,1073
640: 199,868,679,196,751,1013
641: 50,898,294,355,154
642: 203,1026,331,727,952
643: 863,616,505,60
644: 674,870,343,910,236
645: 806
646: 1032,195,146,583,655
647: 664,462,967
648: 194,569,449,683
649: 297,795,505,762,378
650: 749
651: 665,950,219
652: 926,557,805
653: 290,974,504,1045
654: 470,902,817
655: 583,66,809,646,2,410
656: 968
657: 88,273,1,980,660,205
658: 776,769,25
659: 885,700,86,399
660: 711,320,1,88,657
661: 56,279,409,1025,71
662: 
663: 192,732,484
664: 647,217,462
665: 651,940,635
666: 155,530,725
667: 1023,536,417,969,807
668: 873,705,482,140,1017
669: 853,284,638
670: 526,921,837
671: 10,298,995,55
672: 489,747
673: 433,638,121,288
674: 644,924,236,978,937
675: 900,245,979
676: 236,636,229
677: 213,106,786,256
678: 712,888,619
679: 199,640,162,751,61
680: 146,400,862,195
681: 448,812,598
682: 289,973
683: 277,764,884,648
684: 553,628,62,497
685: 301,397,148,528
686: 848,344,694,1075
687: 250,358,454,324
688: 360,221,49
689: 240,498,479,525
690: 735,733,927,90
691: 200,727,952,247,271
692: 625,436,895
693: 425,3,935,395
694: 344,897,1075,686
695: 132,282,824,404,311
696: 458,99,158,740,337,986
697: 287
698: 324,566
699: 713,531,720,768
700: 885,659,830,613,86,1043
701: 211,980,371,713
702: 
703: 276,800,135,726,988,71
704: 390,1035,1004,976,934
705: 202,542,196,873,668,482,1013
706: 16,251,213,495,1029
707: 195,457,596,481
708: 19,774,1040,75
709: 70,273
710: 617,58,798
711: 471,660,88,145,264
712: 678,893,888
713: 699,825,701,531
714: 302,945,908
715: 402,831
716: 
717: 460,88,264,430
718: 1063,267,742
719: 567,28
720: 902,445,699,782,768
721: 958,278,302,945,181,597
722: 32,283,76
723: 103,142,538,574,523
724: 97,590,471,44
725: 822,666,168
726: 1025,1056,703,135,71
727: 952,691,642,203,731
728: 537,801,419
729: 2,410
730: 473,623,80
731: 858,953,727,247,203
732: 386,663,563
733: 162,1037,690,61,90
734: 335,741
735: 690,1065,927
736: 106,570,838,545,786
737: 602,442
738: 82,994
739: 790,136,946
740: 985,337,986,696
741: 335,1060,734,1077,508
742: 718,353,1002
743: 257,22,206,627,72
744: 116,326,785
745: 373,361,352,506
746: 500
747: 672
748: 1009,1003,408,783,568,434
749: 650,239
750: 577,772,547,561
751: 818,61,640,679,1013
752: 528,397,189
753: 450,955
754: 879,382,201,25
755: 157,607,422,823
756: 307,624
757: 246,293,555,1046,1019,333,1009,1059,1038
758: 961,346
759: 234,634,57
760: 105,327
761: 296,829
762: 872,505,649,378,241
763: 
764: 683,252,621,29,956
765: 772,549,365
766: 1069
767: 805,36,1054
768: 782,699,540,720
769: 33,225,253,658
770: 33,225,493,601,424
771: 602,603
772: 765,547,549,1000,428,750
773: 515
774: 19,388,708,75,193,255
775: 1074
776: 175,437,658
777: 449,884,887,832
778: 841,631
779: 286,477,350,565,962,87
780: 347,184
781: 266,437,802
782: 242,768,817,720,902
783: 370,408,748,359,434
784: 20
785: 1065,744
786: 545,1001,106,736,677
787: 
788: 188,1042,127,139,398,510
789: 229,329
790: 739,822,168,946,1061
791: 45,796
792: 587,938,877
793: 111
794: 461,609
795: 616,505,165,297,546,649
796: 791
797: 0,76,554
798: 472,710
799: 118,909,1018,99,606,1015,913,846
800: 276,703,135
801: 537,728,419,930
802: 263,266,437,781,137
803: 843,1015,909,1021
804: 948,24
805: 36,767,652,557,334
806: 467,855,6,645
807: 415,420,968,969,667,417
808: 621,827,1020
809: 655,828,410
810: 103,1070,523,110,14
811: 261,459,312,35,318,418
812: 448,681,1028
813: 630,78,394
814: 443,302,597
815: 312,835
816: 328,129,974,166
817: 242,782,654
818: 751,61,301
819: 31,292
820: 39,250,454
821: 874,570
822: 575,725,136,790,168
823: 422,887,755,604,965
824: 991,404,695
825: 713,540
826: 226,964,977
827: 621,808,901,956,1020,134
828: 963,410,439,809
829: 296,761,990,556
830: 885,700,1043,483,546
831: 554,715,949,341
832: 777,884
833: 918,1040
834: 844
835: 897,815,151,214,109
836: 
837: 431,921,670,582
838: 106,570,736,879
839: 460,573
840: 344,393,847
841: 778,265,463
842: 123,936,414,996
843: 803,1052
844: 834,307,364
1076: 89,482,291,1013
846: 913,799,1018
847: 393,855,840,344,848,467
848: 686,344,847,467
849: 864,10
850: 79
851: 959,594,407
1065: 735,1049,238,785
853: 669,121,407,638
854: 94,622
855: 393,847,6,806,467
856: 877,435,433,128
857: 
858: 953,731,95,247,560
859: 911,910,191,343,1036
860: 935,535,310,982
861: 634,67
862: 79,680,400,252
863: 643,60
864: 849
865: 37,572
866: 398,874,545,1001
867: 526,0
868: 199,640,966,542,196
869: 305,163,882
870: 541,343,644
871: 422,887,605
872: 762,241,890,894
873: 668,32,705
874: 821,866,545
875: 82,426
876: 564,913,458,99,503
877: 856,101,587,792
878: 27,1034,1014
879: 382,754,256,106,838
880: 226,977,377
881: 922,63,187
882: 163,869
883: 21,941,1005,416,314
884: 449,777,832,277,683
885: 659,700,830,124,399,483
886: 907
887: 422,823,871,604,777
888: 84,619,487,893,712,678
889: 104,359,434,1047,93,453,584
890: 1040,872,75,894
891: 997
892: 630
893: 173,368,712,888,487
894: 75,267,322,872,241,890
895: 41,436,613,692,1043
1073: 606,639,158
897: 54,835,694,109,1075
898: 50,641,259,124
899: 133
900: 675,979
901: 983,956,331,827,134,285
902: 720,782,654
903: 366
904: 513,612
905: 34,313
906: 
907: 886
908: 714,945,571,929
909: 118,799,1015,803,1053,321,1021
910: 859,343,644
911: 859,191,599
912: 473,612,357
913: 876,846,99,799,1018,153
914: 469,604,449
915: 
916: 233,589
917: 119
918: 49,1040,338,833
1072: 579,940,635,989
920: 
921: 670,431,837
922: 306,881,63,9,187
923: 549,1066,976,1035,143
924: 674,978,248
925: 411,561,463,547,265
926: 652,557,48
927: 339,690,735,90
928: 1029,960,951,197,495,1033
929: 95,247,271,571,945,908,958
930: 633,801,122
931: 224,210,225,232,424
932: 462,392,402
933: 
934: 475,976,960,951,1004,1033,704
935: 3,860,310,395,693
936: 39,842,414,249
937: 978,236,674,229
938: 610,792
939: 377,348,948,62
940: 665,635,1072
941: 883,1005,417,420,533,416
942: 977,377
943: 
944: 206,401,477,257
945: 302,714,908,929,958,721
946: 790,739
947: 111,955
948: 804,62,348,939
949: 308,831,152,190,272
950: 651,998,387,635
951: 1029,928,960,1004,304,934
952: 200,727,691,11,983,216,331,642
953: 858,731
954: 374,128
955: 450,111,947,753
956: 29,983,901,764,621,827
957: 286,401
958: 721,278,945,95,929,560
959: 851,23,476,328,129
960: 928,951,197,1033,475,934
961: 507,758,346
962: 68,113,350,286,779
963: 828,65
964: 145,264,977,460,826
965: 604,164,823,971,469
966: 199,474,868
967: 481,647
968: 415,807,656,969
969: 488,231,1023,667,807,968
970: 116,326,381
971: 243,365,965,164,469,519
972: 511,275,468,558,1024,1011
973: 289,330,682
974: 653,552,629,328,816
975: 244,543,3,180
976: 475,1066,934,704,1035,923
977: 964,942,377,880,826
978: 513,937,674,924
979: 245,900,126,675
980: 211,701,273,657,371,205
981: 
982: 87,310,514,535,860
983: 29,901,956,216,331,952
984: 24,184,119
985: 303,337,740
986: 52,364,740,696
987: 336,120,551,478
988: 591,71,703
989: 635,1072
990: 412,351,556,829
991: 824,282
992: 144,295,388,502
993: 444,490,451
994: 69,738
995: 10,671,55
996: 269,414,842,123,91,46
997: 891
998: 219,950,387
999: 405,1071
1000: 772,547,549
1001: 545,786,866,398,510
1002: 536,742
1003: 748,1009,1059,568
1004: 96,304,951,934,704
1005: 883,941,533,126,416
1006: 98,615,167,177,1008
1007: 544
1008: 476,186,1045,98,1006,177,43
1009: 748,1059,1038,1003,757,408
1010: 
1011: 429,64,151,558,275,972
1012: 230,212,349,485,535
1013: 482,291,1076,640,202,705,196,751
1014: 27,878,342,332
1015: 606,803,118,799,909,1018,1021
1016: 42,517,172,577,1055
1017: 140,592,668,89,482
1018: 118,799,1015,913,846
1019: 8,632,1030,480,246,555,757,131
1020: 299,621,51,827,808,1032,134
1021: 629,321,1015,803,909,290
1022: 272,457,596,412
1023: 536,667,183,231,969,1063
1024: 511,275,972,468,562
1025: 726,1056,340,661
1026: 642,203,331,1056,285,135
1027: 191,423,599,214
1028: 448,812,96,304
1029: 928,951,706,251,495,304
1030: 1019,8,36,246
1031: 345,167
1032: 646,146,400,51,1020
1033: 197,928,960,475,440,934
1034: 27,878,515
1035: 390,704,976,549,923
1036: 541,343,626,425,859
1037: 274,614,110,733,162
1038: 1009,1059,293,555,757,1046,333,408
1039: 193,255,353
1040: 890,49,918,75,833,708
1041: 
1042: 788,188,63,518
1043: 895,700,830,165,546
1044: 350,565,478,514,53
1045: 476,1008,653,328
1046: 246,555,757,1059,1038
1047: 568,595,889,434,41,93
1048: 334,112,1054
1049: 574,238,523,1065
1052: 843
1053: 552,321,118,909,28
1054: 112,1048,767
1055: 571,1016,42,200,271
1056: 285,340,1026,1025,726,135
1057: 188,466,127,306
1058: 208
1059: 1009,1038,1003,757,1046
1062: 209,520
1063: 718,593,183,1023
1064: 396,589,169
1068: 156,161
1070: 403,810
1071: 336,125,999