1147: 731,203
1: 531,701,88,980,371
2: 583,439
3: 975,1111
4: 117,1152
5: 525,586,67
6: 1137,1171
7: 627,610
8: 746,632,1041,695,1018,282
9: 1164
10: 864,26,1008,995
11: 216,29,491,1144,194,983
12: 548,554
13: 783
14: 403,1070,810
15: 931,157,960,475
16: 786,213
17: 1145,305,156
18: 506,509
19: 388,1128,1139,774,255
20: 664,777,850
21: 930,801,810,1070
22: 859,644,1097,425
23: 186,476,328,68,1045,594
24: 348
25: 232,1024,931
26: 864,10,472,444,315,995
27: 878,502
28: 974,816,719
29: 569,277,1144,194,11
30: 863,1067,1136
31: 427,1019,292
32: 722,668
33: 253,769,817
34: 905,1027,713
35: 589
1162: 674,644,562
37: 903,366,462,572,548
38: 81,634
39: 820,686,467,842
40: 174,258,384
41: 434,595
1082: 1084,1146,360,49,107
43: 962,1079,615
44: 373,657
45: 499,568
46: 123,80
47: 295
1043: 885,174,294,399
49: 221,688,1082,890
50: 898,1047,593,231,183
51: 828,764
52: 1133,364,1106,307
1068: 156,528
54: 855,806
55: 995,585
56: 1016,276
57: 585,222,369,315,81
58: 946,567,1021
59: 179,783
60: 863,643,625,505,762
61: 751,733,301,818
62: 119,590,1009,917,384
63: 1057,881,363
1011: 698,324,687,920,566
65: 963,410,611
1085: 367,557,1159
67: 159,586,5
68: 962,1079,1044,186,23,594
69: 994,580
1163: 167,177,186
71: 703,726
72: 870,1097,743
73: 223,212,115
74: 669,407,673
75: 124,100,1032,894,241
76: 837
77: 1124
78: 1158,394,247
1134: 637
80: 466,46,1169
81: 38,369,57,222
1136: 221,360,30,863,643,1067
83: 868,501
84: 619,802,437,266
85: 394
1137: 6,855,645,806
87: 257,743,982,477,944
88: 352,1,980
89: 291,482,386
90: 733,162,110,238
1014: 322,941,416,126
92: 507,559
93: 889,700
94: 262,362,622,854,580
1170: 280,778,631
96: 951,390
1099: 982,310
1064: 396
99: 1132,913
100: 593,1032,75,124
101: 627,288
102: 575,168,725
103: 
104: 1127,426
105: 327,578,465,1141
106: 838,736,570
107: 338,360,1082,1146
108: 161
109: 1075,848
110: 238,90,162
111: 793,947,955
112: 1003,1046
113: 1031,350,957,779
114: 973,245,538
115: 73
116: 744,326,339,970,381
117: 4,574
118: 799,1053,321
119: 62,590,1009,948,384
120: 1093,999
121: 669,853
122: 420
123: 848,996,46
124: 75,1083,100
125: 987,485,478
126: 900,142,1014
127: 133,218,1057
128: 374,954,877,856
129: 959,629,552,974
130: 747,497,450,287,391
131: 246
132: 525,586,227,311,522
133: 127,899,139,510
1125: 924,562,1086
135: 827,203,642
1098: 1130,746,1041,767,215,246
137: 782,438,175
138: 1029,904,736,619,266,838
139: 133,899,730,510
140: 592,386,482
1060: 335,741,1077,508
142: 675,245,126,538
1093: 120,999,170,1071
144: 147,1128
145: 977,942,711,460
1169: 429,275,80
147: 1128,144
148: 339,927,1013
1038: 653,290,328
1155: 645,250
151: 558,835,897
1086: 910,180,511,924,1125
153: 946,876,739
154: 969,641,355,667,533
155: 530,503
156: 1068,528,17,1145
157: 15,475,823,224,755
158: 
159: 67,309,586,441,522
160: 659,1157,204,885
161: 108,1160
162: 733,90,110,751
163: 563,189,882,869
164: 823,1028,607,422
165: 546,483,259,297
1153: 665,465
167: 1163,290
168: 822,102,1061
169: 349,527
170: 551,1093,1071
1107: 1069
172: 772,549,1055,428,1167
173: 825,893,1027
174: 40,1043,399
175: 781,776,137,242
1096: 333,555
177: 615,1163,186,1079
178: 332
179: 59,783,426
180: 599,511,1086
181: 620,597
1081: 878,332
183: 231,50,593,1032
1089: 
185: 530
186: 23,328,1163,177,1079,68
187: 219,327
1154: 666,575,725,524
189: 163,1145,305,869
190: 457,1022,272,412
191: 693,425,859
192: 1115,296,608
193: 992,502
194: 983,956,29,449,11
195: 1034,481,596
1048: 527,535,230
1059: 568,1173,555
198: 298,413,320,1023
199: 1040,474,868,966
200: 1138,691,1129,953,271,1010
201: 570,1024,879
1078: 524,404,1113
203: 731,1147,642,135
204: 160,885
205: 371,445,717
1016: 56
207: 1103,1161,940
208: 637
209: 520
210: 607,225,424,605
211: 709,905,701,713
212: 73,223,270,336
213: 16,786,1042
214: 815,835,423,599
215: 767,1007,926,1041,1098,746
216: 11,691,491,983
217: 932,664,402
218: 1164,127,1057,306
219: 187,327
220: 948,377,1037
221: 360,49,1136,643,688
222: 57,585,81
223: 73,212,336
224: 823,232,157,607
225: 601,210,493,424
226: 497,672
227: 1030,311,282,132,522
228: 316,807,553,656
229: 676,937,368,513,888,789
230: 527,1048,485
231: 667,183,50,898,355
232: 25,658,224
1168: 702,380
234: 689,516,759
235: 748,1119,359
236: 676
1061: 790,739,168
238: 110,90
239: 749
240: 1122,689
241: 718,267,75,1032,894
242: 175,776,253
243: 440,755,1028,1066,1112
1150: 345
245: 675,142,114,973,538
246: 1131,1130,1098,131
247: 858,394,727,78
248: 357,473,821
249: 454,269
250: 645,1155,467,820,1120
1083: 259,649,124
1035: 587,600,413,512
253: 33,242,776,817
254: 489
255: 774,1139,19
256: 786
257: 1097,87,743,395
258: 40
259: 297,1083,649,165,483
260: 1172,847
261: 
262: 94,362
1143: 651,665
264: 717,980
1114: 
266: 802,84,619,138,838
267: 241,718,1032,322
268: 329
269: 249
270: 212,396
271: 1010,691,200,331
272: 457,1022,308,949,412,190
1101: 498,479,689
1131: 246,1130
275: 429,1169,1012
276: 56
277: 569,29,449
1102: 970,766,1149,1069
1126: 1158,630,560
280: 1170,778,631
281: 898,399,355
282: 227,1030,311,1018,8,632
283: 554,797,341
284: 933
1119: 359,235,748
286: 779,957
287: 489,526,130,391,446
288: 401,101
289: 330
290: 1038,167
291: 818,1117,89
292: 849,819,31,1019
1052: 1109,1073,843
294: 898,399,1047,1043
295: 47
296: 1115,192,556,829,608
297: 259,649,165,616,795
298: 198,600,413,427,452,1019
299: 
300: 1140,1062,991
301: 61,818
1139: 19,255
303: 740,1165,985,1148
304: 928,951
305: 17,1145,189,869
306: 881,218,1164
307: 986,52,1106
308: 341,949,272,1049,412
309: 159,441
310: 935,1099,982,395
311: 227,282,1018,1092,132
312: 815,1006,459
313: 905,1027
314: 
315: 444,993,26,57,585,995
316: 228,807,1037,553
1049: 581,1151,412,308,668,550
318: 
1070: 403,14,21,930,810
320: 1023,198,413,512
321: 567,118,1053,946
322: 1014,267
323: 486,780,370,347
324: 687,1011,358,1036
1028: 823,164,755,243,1112
326: 744,116,970
327: 105,187,219
328: 186,476,23,1038
329: 368,268
330: 1152,289
331: 691,271
332: 178,1081
333: 1096,748
334: 805,1054,1003
335: 1060,741,734
336: 223,212
337: 1165,1148,1132
338: 107,1146
339: 927,148,116,381
340: 963,1056,409,611
341: 308,949,283
1024: 201,25,658
1037: 220,316,807
1103: 207,940,635
345: 1150,372
346: 559,578,1174,961
347: 447,984,323,780
348: 948,377,24,942
349: 169,535
350: 478,1031,113,565
351: 556,581,1151,550,990
352: 88,709
353: 742,773
1151: 581,1049,550,351
355: 154,641,898,281,667,231
356: 367
357: 248,473,866
358: 1036,324
359: 1119,235
360: 221,1136,1067,107,1082
361: 671,745
362: 94,262
363: 681,63
364: 52,1106
365: 923,971,469
366: 37,903,753
367: 1085,356
368: 329,676,229,789
369: 516,993,81,57
370: 875,323
371: 205,531,1,980,699
372: 1015,345
373: 44
374: 954,128,877,452,600,587
1128: 388,19,147,144
376: 428,519,952,1144
377: 348,948,977,942,220,939
1160: 397,161,528
1116: 894
380: 397,1168,528
381: 116,339,970
1164: 218,9,306
1077: 1060,741,508
384: 119,62,40
1074: 775
386: 140,592,482,89
1033: 764,621,648
388: 1128,19,774
1066: 440,243,923
390: 704,96
391: 572,446,130,450,287
392: 932,715,402
393: 
394: 858,247,78,85
395: 425,310,935,257
396: 1064,270
397: 1160,380,528
398: 730,545
399: 898,294,1043,174,281
400: 621,1135,862,1034
401: 288
402: 715,392,217,967
403: 14,1070,1040,474
404: 1062,991,1113,824,524,1078
405: 1015
1075: 109,848
407: 74,851
1110: 1104,1000
409: 611,1056,340
410: 65,455
411: 561,750,925
412: 1049,308,272,190,550
413: 198,298,600,1035,320
1032: 100,75,183,241,267
415: 533,969
416: 941,420,417,1014
417: 420,533,416
418: 459
419: 656
420: 417,122,941,416
421: 469,519,965,1025,971
422: 164,605
423: 693,1111,214
424: 493,225,210,605
425: 395,191,859,22
426: 104,1127,179
427: 452,31,1019,298
428: 376,549,172,952
429: 275,1169,466,899
430: 826,947
431: 930,801,537,921,1005
1084: 1082,1146,918,534
1030: 227,282,632,522
434: 41,584,700
1135: 621,400,680,683
436: 595,796,791
437: 802,825,84
438: 720,137,782
439: 646,761,2,729
440: 755,243,960,475,934,1066
441: 522,159,309
442: 1152,737
443: 1104,814,1000,620
444: 993,315,1001,26,472
445: 205
446: 572,391,287
447: 347,738,875
448: 812,598,681
449: 683,277,194
450: 947,747,130,391
451: 1122,490,1124,1001
452: 427,374,954,298,600
453: 
454: 249,687
455: 1004,410
456: 
457: 1022,272,190
458: 624
459: 418,312
460: 145,964
461: 794,989,841
462: 37,903,548
463: 547,704,925
1067: 30,360,1136
465: 1141,105,665,1153
466: 80,429,899
467: 250,39,820
1079: 43,962,68,177,615,186
469: 519,421,971,365
470: 793,654
1130: 1098,746,632,1131,246
472: 864,26,798,444
473: 357,248,912
474: 1040,199,633,670,501,403,868
475: 960,15,157,440,755
476: 23,328,959,1045
477: 982,565,779,944,87
478: 485,350,987,125,1031
479: 1092,1101,525
480: 
481: 967,596,862,195,1034
482: 140,386,89
483: 546,165,659,1157,259
484: 663
485: 478,125,230
486: 917,323
1017: 888,789,712,678,619
1165: 303,337,740,1133
489: 287,526,254
490: 1122,451,790,1124
491: 952,1144,216,11
1091: 1026
493: 424,225,601
1156: 579,1161
495: 960,928,934
1069: 766,1102,1107
497: 747,130,672,226
498: 1101
499: 45
500: 695,1140,991,1113
501: 837,633,474,83,868
502: 193,27
503: 155,530
1112: 887,971,1028,243
505: 616,795,762,1095,60
506: 18,745
507: 961,920,559,92
508: 1060,1077
509: 18
510: 788,139,133,730
511: 180,599,972,1086
512: 709,1035,320
513: 937,229,888
1012: 972,910,912,623,275
1158: 1126,78
516: 369,234,759
517: 1167,952
518: 788
519: 469,421,1025,376,569
520: 209
521: 
522: 441,227,1030,132,159
523: 
524: 1078,824,1154,404
525: 586,132,1092,479,5
526: 287,489,867
527: 535,230,1048,169
528: 156,1068,1160,397,380
529: 757,1173,618
530: 185,155,503
531: 701,1,713,371,699
1115: 296,192,732,663
533: 417,415,969,154
534: 1084,1146
535: 527,1048,349
1010: 271,691,200,953
537: 921,801,431
538: 245,142,114
1047: 50,898,294,1157
540: 720
1023: 320,198
542: 873
1092: 479,311,525
544: 
545: 398
546: 165,483,659
547: 463,925,772,750
548: 12,572,37,462
549: 772,172,428
550: 1049,1151,412,351,990
551: 170,987,1031
552: 974,629,1053,129
553: 684,316,228,656,628
554: 12,797,283
555: 1173,1059,1096
556: 351,829,296
557: 1085,1159
558: 151
559: 346,578,961,507,92
560: 630,1126
561: 411,750,1055
562: 1125,644,1162
563: 163,882,732,663
1133: 52,740,1165
565: 982,477,350,779
566: 1011
567: 321,946,58
568: 1059,45
569: 29,277,519,1025,1144
570: 201,106,879
1117: 818,291
572: 391,446,37,548
573: 902,654
574: 117
575: 1154,725,102
576: 1026
1140: 300,991,500
578: 346,559,105,1141
579: 1156,1161,989
580: 854,69,622,94
581: 1049,1151,351
1036: 358,324,687
583: 2
584: 1095,613,700,434
585: 57,222,315,995,55
586: 525,132,5,159,67
587: 1035,374,877,600
1124: 77,1001,490,451
589: 734,741,35
590: 119,62,1009
591: 813
592: 140,386
593: 100,50,183
594: 23,68,1044
595: 436,791,41
596: 481,967,831,195
597: 814,620,181
598: 681,706,448
599: 180,511,214
600: 298,413,452,374,1035,587
601: 225,493
602: 737,1166,771,603
603: 602,1166,771
604: 914,884,965
605: 210,607,424,422
606: 1073,1088
607: 210,823,164,224,605
608: 1004,829,761,296,192
609: 
610: 856,7
611: 409,65,963,340
612: 712,678,821,888,904
613: 1095,584,700,616
1172: 260,847
615: 177,43,1079
616: 505,795,1095,613,297
1055: 772,172,561,750,1167
618: 529
619: 84,1017,678,138,904,266
620: 181,443,814,1000,597
621: 1135,400,1033
622: 580,94
623: 912,910,1012
624: 458,822
625: 863,60
1046: 112
627: 101,870,7
628: 553,656
629: 909,653,552,129
630: 560,1126,813
631: 981,280,1170
632: 1130,746,8,1018,1030,282
633: 670,1005,837,501,474
634: 759,38
635: 1103
1025: 519,421,914,569
637: 208,1134
638: 673,669
639: 1109,1148,1088
640: 966
641: 969,154,355
642: 731,203,1020,135
643: 863,60,762,221,1136,688,1002
644: 22,674,1162,562
645: 250,1155,1137
646: 439
1021: 58
648: 901,1020,956,764,1033
649: 259,297,1083,795
650: 749
651: 1143
652: 805
653: 803,1038,629
654: 793,470,902,573
1045: 851,476,23,959
656: 419,228,553,628
657: 711,44
658: 232,1024,769
659: 160,1157,546,483
1145: 17,305,189,156
1031: 113,551,987,478,350
662: 1108
663: 484,732,1115,563
664: 20,217
665: 940,1153,465,1143
666: 1154,824
667: 231,154,355
668: 32,1049
669: 121,74,638,673
670: 633,1005,930,474
671: 361,745
672: 747,497,826,226
673: 638,669,74
674: 870,644,1162
675: 900,245,142,1039,973
676: 937,229,368,236
1161: 207,579,1156
678: 612,888,1017,619,904
1111: 423,3,975,1006,815
680: 1135,683
681: 363,598,448,812
682: 773,1039
683: 449,680,1135
684: 553
1132: 99,337,986
686: 842,848,39
687: 698,324,1011,1036,454
688: 872,1002,643,762,221,49
689: 234,1101,240
1029: 138,904,736,821,874
691: 216,1138,200,331,271,1010
692: 886
693: 423,191,935
1104: 443,1000,981,1110
695: 500,1018,8
1121: 796,791
697: 921
698: 687,1011
699: 531,371
700: 584,613,434,93
701: 531,1,713,211,709
702: 1168
703: 71
704: 390,463
1026: 1091,576
706: 1042,598,928
1022: 457,272,831,190
1144: 952,491,376,569,29,11
709: 211,512,352,701
1171: 6
711: 657,145
712: 612,888,1017
713: 531,701,211,905,34
714: 
715: 402,831,392
716: 775
717: 264,205
718: 241,267
719: 933,28
720: 540,438,782
721: 929,1129,945
722: 32
1129: 929,721,953,908,200
1157: 659,160,483,1047
725: 575,1154,102
726: 71
727: 858,247
1142: 796,907,886
729: 761,439,1004
730: 398,139,510
731: 203,1147,642,858
732: 1115,563,663
733: 90,162,751,61
734: 589,335
735: 744,927
736: 138,1029,838,106
737: 602,442
738: 875,447
739: 822,153,1061
740: 303,1165,985,1133
741: 335,1060,1077,589
742: 353,773,1039,900
743: 1097,257,87,944,72
744: 116,326,735
745: 671,361,506
746: 1130,1098,8,632,1041,215
747: 130,497,672,450,947
748: 235,333,1119
749: 650,239
750: 411,561,547,925,772,1055
751: 61,733,162
1097: 257,743,72,22
753: 366
1159: 926,557,1085
755: 440,243,157,475,823,1028
756: 844
757: 529
758: 961
759: 234,516,634
760: 
761: 829,439,608,1004,729
762: 505,795,643,60,688,1002
1088: 1073,606,1109,639,1148
764: 1033,827,648,51
1095: 584,613,505,616
766: 1149,1102,1069
767: 215,1007,1098
1108: 1105,662
769: 33,658
770: 
771: 602,603
772: 549,172,1055,547,750
773: 682,1039,353,742
774: 255,388,19
775: 716,1074
776: 781,175,242,253
777: 832,850,20
778: 280,1170,794,841
779: 286,113,565,477
780: 917,323,347,984,1009
781: 175,776
782: 137,720,438
783: 13,179,59
1120: 250,820
1027: 893,313,34,173
786: 16,213,256
787: 
788: 510,518
789: 1017,368,229,893
790: 1061,490
791: 796,1121,436,595
1019: 427,31,849,292,298
793: 654,470,111,955
794: 461,989,841,778
795: 505,616,762,297,649,1002
796: 791,1142,1121,436
797: 554,283
798: 864,472,819
799: 118,909
1034: 195,481,862,400
801: 21,930,431,537
802: 437,266,84
803: 653,843
1041: 926,215,1098,746,8
805: 652,334
806: 54,855,1137
807: 316,228,1037
1062: 991,404,824,300
1015: 405,372
810: 21,14,1070
1106: 844,364,52,307
812: 448,681
813: 630,591
814: 443,597,620
815: 214,835,312,1006,1111
816: 974,28
817: 253,33
818: 1117,61,291,301
819: 849,292,1008,798,864
820: 39,467,250,1120
821: 612,248,1029,904,874
822: 739,168,624
823: 164,224,1028,157,607,755
824: 666,1062,404,524
825: 173,437
826: 430,964,880,672
827: 1020,764,135
828: 1056,51
829: 761,990,556,296,608
1138: 200,691
831: 715,596,1022
832: 777,850,884
1057: 63,127,218
1141: 465,578,105
835: 815,214,897,151
1113: 991,404,1078,500
837: 76,501,633
838: 106,138,736,266
1020: 827,901,648,642
1105: 891,1108
841: 794,461,778
842: 848,996,686,39
843: 1052,803
844: 756,1106
1109: 639,1052,1073,1088
1056: 828,340,409
847: 260,1172
848: 842,123,686,1075,109
849: 819,292,1008,1019
850: 832,777,20
851: 1045,853,407
1149: 766,970,1102
853: 851,121
854: 580,94
855: 1137,54,806
856: 610,128,877
1054: 1003,334
858: 394,247,727,731
859: 22,425,191
860: 935,975
1018: 695,8,632,311,282
862: 481,1034,400
863: 643,60,625,30,1136
864: 10,26,472,798,819,1008
1146: 1084,1082,338,107,534
866: 357,874
867: 526
868: 83,501,474,199
869: 163,189,882,305
870: 72,674,627
1152: 442,330,4
872: 688,1002,890
873: 542
874: 821,866,1029
875: 370,738,447
876: 913,153,946
877: 374,128,856,587
878: 27,1081
879: 570,201
880: 939,977,826,964
881: 63,306
882: 563,163,869
1127: 104,426
884: 914,604,832
885: 1043,204,160
886: 692,1142
887: 971,1112,965
888: 1017,229,513,612,712,678
889: 93
890: 918,49,872
891: 1105
892: 
893: 1027,789,173
894: 1116,75,241
1053: 118,321,552
1073: 606,1088,1109,1052
897: 835,151
898: 50,294,399,1047,281,231,355
899: 133,429,466,139
900: 675,126,742,1039
901: 648,1020,983,956
902: 573,654
903: 37,366,462
904: 138,1029,612,678,821,619
905: 313,211,713,34
1044: 962,68,594,957
907: 1142
908: 1129
909: 629,799
910: 972,1086,1012,924,623
1122: 490,240,451
912: 623,1012,473
913: 876,99
914: 604,884,965,1025
1071: 987,1093,170
1040: 474,199,403
917: 486,780,62,1009
918: 890,1084
1072: 
920: 1011,507
921: 537,697,431,1005
922: 1174
923: 365,1066
924: 1125,910,1086
925: 547,463,411,750
926: 1159,1041,215,1007
927: 339,148,735
928: 304,706,1042,495
929: 721,1129,953,945
930: 21,801,431,670,1005,1070
931: 15,25
932: 392,217
933: 719,284
934: 960,495,440
935: 310,860,395,693
1166: 602,603
937: 676,229,513
1167: 517,172,1055
939: 880,377,977
940: 665,207,1103
941: 416,420,1014
942: 145,977,348,377
1039: 773,682,742,675,900
944: 477,87,743
945: 929,721,958
946: 153,58,876,567,321
947: 450,430,111,747
948: 348,377,119,220
949: 308,341,272
950: 998
951: 304,96
952: 491,1144,428,376,517
953: 929,1129,200,1010
954: 374,128,452
955: 111,793
956: 194,983,901,648
957: 962,1044,113,286
958: 945
959: 129,476,1045
960: 495,475,15,934,440
961: 507,758,346,559,1174
962: 43,1079,68,1044,957
963: 65,340,611
964: 826,977,460,880
965: 421,887,914,604
966: 640,199
967: 481,596,402
1013: 148
969: 154,641,533,415
970: 1102,116,326,1149,381
971: 887,1112,365,469,421
972: 910,1012,511
973: 114,675,245
974: 552,28,816,129
975: 3,860,1006,1111
976: 
977: 145,942,377,880,939,964
978: 
1042: 706,213,928
980: 264,88,1,371
981: 631,1104
982: 1099,565,477,310,87
983: 194,956,216,11,901
984: 347,780,1009
985: 303,740
986: 307,1132
987: 125,1071,551,1031,478
1174: 346,922,961
989: 794,461,579
990: 829,550,351
991: 1062,404,1113,1140,300,500
992: 193
993: 444,315,1001,369
994: 69
995: 55,315,10,26,585
996: 842,123
1148: 639,303,337,1088
998: 950
999: 120,1093
1000: 443,1104,1110,620
1001: 1124,451,444,993
1002: 872,688,643,795,762
1003: 1054,334,112
1004: 608,761,729,455
1005: 633,670,921,930,431
1006: 975,1111,815,312
1007: 767,215,926
1008: 849,819,864,10
1009: 119,62,590,984,917,780
1173: 529,555,1059