1147: 203
1: 531,701,980,371
2: 439,583
3: 1111,423,815
4: 117,330,1152
5: 525,586,67
6: 1137
7: 268,236,627,870,1035
8: 215,150,1130
9: 1011
10: 864,26,849,995
11: 901,216,29,491,1020,983
12: 548,554,797
13: 480,441,59,783
14: 403,1070,810,1040,614
15: 931,1042,382,960,475,157
16: 786,1029,213
17: 1145,305,156
18: 506,1008,362,509
19: 388,1128,1139,255,774
20: 664,777,850
21: 930,801,1070,810
22: 859,644,1097,425
23: 959,851,186,476,594,68
24: 348,1009,942
25: 232,658,201,754,931,1042
26: 864,10,472,444,995
27: 878,502
28: 974,552,1053,1021,719
29: 569,1144,449,491,194,983,11
30: 863,1067,1136
31: 284,292
32: 722,1151,668
33: 253,817
34: 713,825,905,313,173
35: 233,418,1006
36: 
37: 903,366,572,548,462
38: 81,634
39: 820,686,467,842
40: 174
41: 434,595
1082: 1084,1146,360,49
43: 615,1079,551,962,68,113
44: 373,506,1019,509
45: 499,568
46: 123,80
47: 295
1043: 738,179,426,875
49: 221,360,688,890,1082,918
50: 898,593,231
51: 764,1026,299,1004
52: 1133,364,1106,307
1068: 156,528
54: 855,806
55: 585,1008
56: 276
57: 585,222,369,315,81
58: 710,77
59: 309,1030,13,441,783
60: 863,643,625
61: 751,733,301,818
62: 119,984,780,384
63: 1057,881,363
64: 
65: 963,340,611
1085: 300,1140,1041,367
67: 159,586,5
68: 594,962,186,43,1079,23
69: 994,580
70: 
71: 703,726
72: 1097,743
73: 223,212,115
74: 407,401,673
75: 649,124,872,1116,378,1002
76: 837,670,867
77: 710,58,1124
78: 1010,1158,247,953,394
1134: 637
80: 466,46,429
81: 38,57,222
1136: 221,360,30,863,1067
83: 1049,501,868
84: 619,802,266
85: 858,394
1137: 6,855,806
87: 257,743,982,477,944
88: 352,320,1023,980,264
89: 1117,702,386
90: 733,162,110,238
1014: 1116,894,255,718,322
92: 507,559
93: 889,700
94: 262,362,622,854
95: 958
96: 951,390
1099: 982,310
1064: 396
99: 1132,986,158,913
100: 593,1047,183,241,267
101: 627
102: 575,168,725
103: 1040
104: 1127,426
105: 760,327,578,465,1141
106: 736,545,879
107: 338,1146
108: 161
109: 151,1075
110: 238,90,162
111: 793,947,955
112: 334,1054
113: 779,43,551,350,962,286
114: 330,973,245,538,1039
115: 73
116: 744,326,339,970,381
117: 4,330,574
118: 799,321
119: 62,384
120: 405,999,1093
121: 1045,669,853,1038,1001
122: 420,941
123: 848,996,46
124: 1083,75,1047,241
125: 987,230,485,478
126: 900,142
127: 133,218,1057
128: 374,954,877,856
129: 328,816,853,959,1038
130: 747,497,450,391
131: 1131,1007,757
132: 227,522,311,586
133: 127,899,139
1125: 924,562,1086
135: 203,827,642
1098: 1130,246,215,767
137: 782,1024,175
138: 821,904,619,838,266
139: 133,899,730,510
140: 592,482
1060: 335,741,1077,508
142: 245,126,538
1093: 999,120,1071
144: 147,1128
145: 977,942,711,460
146: 1034,400,646
147: 1128,144
148: 339
1038: 129,816,853,121
150: 282,8,500
151: 109,897,558,835
1086: 511,180,924,1125
153: 946,876
154: 969,355,533
155: 503,530
156: 1068,17,1145
157: 755,224,15,1042,475
158: 1132,99,606,1088
159: 67,522,586,309
160: 659
161: 108,528
162: 733,90,110,751
163: 563,189,882,869
164: 887,823,422,965,971,1112
165: 259,297,546,659,483
1153: 665,465
167: 1015
168: 822,102,1061
169: 349,527
170: 987
1107: 1069
172: 772,549,1055,428,517
173: 893,313,34,825
174: 40,399,281
175: 781,1024,137,242
1096: 333,555,1003
177: 615,1079
178: 332
179: 783,1043
180: 599,511,1086
181: 620,597
1081: 878,332
183: 231,593,100,267
1089: 
185: 
186: 476,1079,23,68
187: 219,327
1154: 666,575,725,524
189: 163,305,869
190: 457,412,272
191: 693,425,859
192: 608,1115,296
193: 992,502
194: 983,956,449,29,648,1033
195: 596,1034,481,862
1048: 405,999
1059: 568
198: 298,600,413
199: 966,403,614
200: 1138,1129,271,691
201: 570,776,25,658
1078: 1092,1018,404,695
203: 731,135,1147
204: 486,885
205: 371,445,717
1016: 1126,1158,591
207: 1103,579,1156
208: 637
209: 520
210: 225,424,605
211: 709,905,701,713
212: 73,223,270
213: 786,16,256
214: 423,599
215: 746,8,926,767,1098
216: 901,11,1020,1138
217: 932,664
218: 127,1057,306
219: 187,327
220: 948
221: 360,49,1136,643,688
222: 57,585,81
223: 73,212,336
224: 157,755,607,823
225: 601,210,493,424
226: 672
227: 132,522,632
228: 316,807,553,1037,656
229: 888,789,513,712
230: 125,485,535
231: 355,183,50,593
232: 25,658,769,1042
233: 35,418
234: 689,516,759
235: 748,1119,359
236: 7,268,1035,676
1061: 790,739,168
238: 110,90
239: 749
240: 1122,689
241: 718,124,100,1047,894
242: 175,253
243: 440,1066,755,1112
1150: 1015
245: 675,900,142,538,973,114
246: 1130,1098,1131
247: 271,953,394,78
248: 357,473
249: 1036,269,454,758
250: 1120,1155,645,820
1083: 649,124,259,1047
1035: 674,870,7,236
253: 33,242,817
254: 489
255: 1116,1014,1139,19,774
256: 879,382,786,213
257: 1097,87,743,395
258: 917
259: 297,165,483,1157,1083,649
260: 847
261: 847
262: 94,362,590
1143: 651,1114,760,665
264: 1023,980,717,88
1114: 1143,665,635,1103
266: 838,84,619,138,802
267: 718,1032,100,183,667
268: 7,236
269: 1036,249,454
270: 212,396
271: 247,200,1129,953
272: 308,412,949,831,457,190
1101: 498,479,689
1131: 131,1007,246,632
275: 429,623
276: 56
277: 449,680,914,884,1025
1102: 766,1149,1069
1126: 1010,1016,1158,630,560
280: 631,778
281: 898,294,399,174
282: 695,150,311
283: 341,949,554,797,715
284: 31,1001
1119: 359,235,748
286: 962,957,113,779,1031
287: 489,391,446,526
288: 401
289: 330,973,682,1152
290: 
291: 818
292: 31,819
1052: 1109,1073,843
294: 281,898,399
295: 47
296: 1115,556,829,608,192
297: 259,165,616,795
298: 198,427
299: 1135,400,621,764,51
300: 1085,1140,1041,1062,991
301: 61,818
1139: 255,1002,19
303: 740,985,1148
304: 928,951
305: 17,1145,189,869
306: 881,218
307: 52,1106,986
308: 1151,412,272,949
309: 59,1030,159,441
310: 935,1099,395
311: 1092,282,695,132
312: 418,1111,459,815
313: 905,1027,173,34
314: 
315: 444,57,585,995
316: 228,553
1049: 83,722
318: 1006
1070: 403,14,810,21,930
320: 373,352,88,657,1023
321: 567,118,1053
322: 353,1014,718,1032
323: 917,780,370,347,486
324: 358,687,566
1028: 832,777,887,422,604
326: 744,116,970
327: 105,760,187,219
328: 129,653,476,959
329: 368,1027
330: 289,973,114,1039,117,4,574
331: 642,727,691
332: 178,1081
333: 1096,748
334: 112,1054,805
335: 1060,741,734
336: 1071,223
337: 740,1148,1132
338: 107,534,1146
339: 927,148,116,381
340: 65,963,611
341: 283,949,797
1024: 437,137,781,175
1037: 419,656,228,807,553
1103: 207,1114,940,635
345: 372
346: 559,922
347: 447,323,780
348: 948,377,24,942
349: 169,527,535
350: 551,113,779,565
351: 556,581,550,990
352: 88,320
353: 742,322
1151: 308,412,32,668
355: 231,898,154
356: 1041,367
357: 248,473,866
358: 1120,1155,687,324
359: 1119,235
360: 221,49,1136,1067,1082
361: 671,745
362: 94,262,1008,18,509
363: 681,63
364: 52,1106
365: 971,923
366: 753,37,903
367: 356,1041,1085
368: 329,893,789
369: 516,993,57
370: 875,486,323
371: 205,531,1,980,699
372: 345,405
373: 320,44,1019
374: 128,877,452,600,587
1128: 388,19,147,144
376: 519,1144,952,491
377: 348,948,942,939
378: 1116,75
1116: 894,378,255,1002,1014,75
380: 1117,397
381: 116,339,970
382: 256,15,495
1077: 1060,741,508
384: 917,119,62
1074: 775
386: 702,1013,592,89
1033: 648,683,449,194,956
388: 1128,19,774
1066: 440,243,923
390: 704,96
391: 572,446,130,287
392: 554,1022,402,932,715
393: 1012
394: 858,247,78,1158,85
395: 425,310,935,257
396: 1064,270
397: 380
398: 730
399: 885,174,281,294
400: 862,1135,1034,146,299
401: 74,1031,288
402: 932,392,715
403: 14,1070,614,199
404: 1113,824,524,695,1078
405: 999,120,1048,372
1075: 109,848
407: 74,851,594,957,1045
1110: 1104
409: 1056,703
410: 729,963
411: 561,750,925
412: 308,1151,272,190
413: 587,198,600,512
1032: 718,267,667,322
415: 533,969
416: 941,420,417
417: 420,533,667,416
418: 975,1111,312,233,35,459,1006
419: 1037,656
420: 417,533,122,941,416
421: 469,965,914,604
422: 887,164,823,607,605,1028
423: 3,815,214
424: 493,225,210,605
425: 395,191,859,22
426: 104,1127,1043,875
427: 452,298
428: 549,172,952,517
429: 275,80,466
430: 826,947
431: 537,921,930
1084: 1082,1146,918
1030: 59,309,441
434: 41,584,700
1135: 400,621,683,299
436: 595,796,791
437: 802,1024,781
438: 720,782
439: 2,729
440: 1066,243,475,934,755
441: 480,13,59,309,1030
442: 737
443: 1104,814,620
444: 993,315,26,472
445: 205,699,1017
446: 572,391,287,1005
447: 875,738,347
448: 812,598,681
449: 277,569,29,1033,194
450: 947,747,130
451: 1124,1122,490
452: 427,374,954,600
453: 889
454: 687,936,1120,1036,269,249
455: 729
456: 
457: 190,831,272,596
458: 624
459: 1006,418,312
460: 145,964
461: 794,841
462: 1022,37,903,548
463: 547,704,925
1067: 30,360,1136
465: 1141,105,760,665,1153
466: 80,429,899
467: 39,820
1079: 43,615,177,186,68
469: 421,965,971
470: 793,654
1130: 1098,246,8
472: 864,26,798,444
473: 357,248,912
474: 633,501,868
475: 960,15,157,755,440
476: 186,328,959,23
477: 982,565,779,944,87
478: 485,987,125
479: 1092,1018,498,1101,525
480: 13,441,1003
481: 967,195,862
482: 140
483: 1157,659,259,165
484: 663
485: 478,125,230
486: 204,370,323
1017: 699,720,445,782
488: 807
489: 287,254,526
490: 1122,790,1124,451
491: 952,1020,376,29,1144,11
1091: 576
493: 424,225,601
1087: 1090,897,1012
495: 960,382
1069: 766,1102,1107
497: 747,130,672
498: 1101,479,1018
499: 45
500: 746,1140,991,1113,150
501: 633,474,837,868,83
502: 193,27
503: 155,530
1112: 971,243,164,823
505: 616,795,643,762,688
506: 18,1019,509,44
507: 961,920,559,92
508: 521,1060,1077
509: 18,506,362,44
510: 788,139,730
511: 1086,972,180
512: 709,413
513: 978,937,229
514: 
1158: 1010,1126,78,1016,394
516: 369,234,759
517: 428,172,952
518: 788
519: 376,569,1144
520: 209
521: 508
522: 227,132,586,632,159
523: 1040
524: 1154,824,404
525: 586,479,5
526: 867,287,489
527: 535,169,349
528: 161,1068
529: 
530: 155,503
531: 701,1,713,371,699
1115: 296,732,1013,192,663
533: 420,417,415,969,154
534: 1146,338
535: 527,230,349
536: 742
537: 801,431
538: 245,142,114,1039
1047: 593,100,1083,124,241
540: 825,720
1023: 264,320,88,657,711
542: 873
1092: 311,479,1078,1018,695
544: 
545: 106,736,1029
546: 659,165
547: 463,925,772,750
548: 12,1005,572,37,462
549: 772,172,428
550: 351,990
551: 350,43,615,113
552: 28,974,1053
553: 684,228,316,1037,656
554: 392,12,797,283
555: 757,1003,1096
556: 351,829,296
557: 
558: 151
559: 346,578,507,92
560: 630,1000,1010,1126
561: 411,750,1055
562: 1125,644,674
563: 163,732,663,882
1133: 52,740
565: 982,477,350,779
566: 687,324
567: 1021,321,946,1053
568: 1059,45
569: 29,1144,914,519,449
570: 201,776
1117: 89,702,380
572: 391,446,37,548
573: 902,654
574: 330,1039,117
575: 1154,725,102
576: 1091
1140: 1085,300,991,746,500
578: 559,105,1141
579: 1156,207,1072,989
580: 854,69,622
581: 668,351
1036: 269,249,1120,454,936
583: 646,2
584: 1095,613,700,434
585: 57,222,315,995,55
586: 525,132,522,5,159,67
587: 413,374,877,600
1124: 451,490,77
589: 734,741
590: 262
591: 1016,813
592: 140,386,1013
593: 100,1047,50,231,183
594: 962,68,957,851,23,407
595: 436,791,41
596: 195,457
597: 814,620,181
598: 681,448
599: 180,214
600: 198,452,374,413,587
601: 225,493
602: 737,771,603
603: 602,771
604: 914,884,887,965,832,1028,421
605: 210,607,424,422
606: 1073,1088,158
607: 224,605,823,422
608: 192,829,761,296
609: 
610: 856
611: 65,340
612: 712,678,904
613: 1095,584,700
614: 403,14,199
615: 43,1079,177,551
616: 505,795,1095,297
1055: 772,172,561,750
618: 
619: 84,678,138,904,266
620: 181,443,814,597
621: 648,683,1135,299,764
622: 854,580,94
623: 912,910,972,275
624: 458,822
625: 863,60
1046: 
627: 101,870,7
628: 656
629: 653,909
630: 560,1126,813
631: 280,981
632: 227,522,1131
633: 474,501,837
634: 759,38
635: 1114,1103
1025: 832,884,680,277
637: 208,1134
638: 669,1001,673,1044
639: 1109,1148,1088
640: 966
641: 969,807
642: 331,727,827,731,135
643: 60,505,221,688
644: 22,674,562
645: 250
646: 583,146
1021: 567,28,1053,719
648: 621,683,1033,194,956
649: 1083,75,795,259,762,872
650: 749
651: 1143
652: 805
653: 629,328
654: 793,470,902,573
1045: 121,669,853,959,851,407
656: 1037,419,228,553,628
657: 711,1009,320,1023
658: 25,232,769,201
659: 160,546,165,483
1145: 17,305,156
1031: 401,957,286
662: 1108
663: 484,732,1115,563
664: 20,217
665: 940,1153,760,465,1143,1114
666: 1154,824
667: 267,1032,417
668: 32,1151,581
669: 121,1045,1001,638
670: 921,867,837,76
671: 745,361
672: 747,497,826,226
673: 1044,74,638
674: 1035,870,644,562
675: 900,245,773,682,973
676: 937,236
677: 786,1029
678: 888,612,712,619,904
1111: 975,418,312,3,815
680: 277,1025
681: 363,598,448,812
682: 773,675,289,973
683: 648,621,1033,1135
684: 553
1132: 99,986,158,337
686: 842,848,39
687: 566,454,358,1120,324
688: 762,890,643,505,221,49
689: 234,1101,240
1029: 786,16,677,545
691: 1138,200,331,727
692: 886
693: 191,935
1104: 443,1110
695: 282,1113,404,311,1092,1078
1121: 796,791
697: 921
698: 
699: 720,1017,531,371,445
700: 584,613,434,93
701: 531,1,211,709,713
702: 386,1117,89
703: 71,726,409
704: 390,463
1026: 764,51
706: 928
1022: 392,462,903,932
1144: 569,29,519,376,491
709: 211,512,701
710: 77,58
711: 657,1009,1023,145
712: 612,888,229,678
713: 34,211,905,531,701
714: 
715: 831,392,402,283
716: 775
717: 264,205
718: 241,267,1032,894,1014,322
719: 933,1021,28
720: 699,1017,540,438
721: 929,945
722: 32,1049
1129: 929,200,271
1157: 483,259
725: 1154,575,102
726: 1056,703,71
727: 331,642,691,731
1142: 796,907,886
729: 455,410,761,439
730: 398,139,510
731: 203,642,727
732: 1013,1115,563,663
733: 90,162,751,61
734: 589,335
735: 744,927
736: 106,545,821,874
737: 602,442
738: 1043,875,447
739: 822,1061
740: 303,337,985,1133
741: 335,1060,1077,589
742: 353,536
743: 1097,257,87,944,72
744: 116,326,735
745: 671,1019,361
746: 215,500,1140
747: 130,497,672,450,947
748: 235,333,1119
749: 650,239
750: 411,561,547,925,772,1055
751: 61,733,162
1097: 257,743,72,22
753: 366
754: 25,931
755: 157,224,475,440,243
756: 844
757: 555,131,1007
758: 922,1011,249,961
759: 234,516,634
760: 105,327,465,1143,665
761: 829,608,729
762: 688,890,872,505,795,649
1088: 1073,606,1109,639,1148,158
764: 51,1026,621,299
1095: 584,613,616
766: 1149,1102,1069
767: 926,215,1098
1108: 1105,662
769: 232,658
770: 
771: 602,603
772: 549,172,1055,547,750
773: 675,682
774: 255,388,19
775: 716,1074
776: 570,201
777: 832,850,1028,20
778: 280,794,841
779: 113,350,286,565,477
780: 917,323,347,984,62
781: 175,437,1024
782: 137,1017,438
783: 13,59,179
1120: 250,358,820,1036,687,454
1027: 313,329,938
786: 16,1029,677,256,213
787: 
788: 510,518
789: 888,229,368,893
790: 1061,490
791: 796,1121,436,595
1019: 745,506,373,44
793: 654,470,111,955
794: 461,989,841,778
795: 505,616,297,762,649
796: 791,1142,1121,436
797: 12,554,283,341
798: 864,472,819
799: 909,118
1034: 195,862,400,146
801: 21,930,537
802: 437,84,266
803: 843
1041: 356,367,1085,300
805: 652,334
806: 54,855,1137
807: 488,228,641,1037
1062: 991,824,300
1015: 1150,167
810: 14,1070,21
1106: 844,364,52,307
812: 448,681
813: 1126,1016,630,591
814: 443,597,620
815: 3,1111,312,423
816: 129,974,1038
817: 253,33
818: 291,61,301
819: 849,798,292,864
820: 39,467,250,1120
821: 138,904,874,736
822: 739,168,624
823: 164,422,224,607,1112
824: 1062,404,666,524
825: 34,540,173
826: 430,964,880,672
827: 642,135
828: 1056,1004
829: 761,990,556,296,608
1138: 200,1020,216,691
831: 715,949,272,457
832: 777,1028,604,884,1025
1057: 63,127,218
1141: 465,578,105
835: 897,151
1113: 991,404,500,695
837: 76,670,633,501
838: 266,138
1020: 952,491,216,11,1138
1105: 891,1108
841: 794,461,778
842: 848,996,686,39
843: 1052,803
844: 756,1106
1109: 639,1052,1073,1088
1056: 828,726,409
847: 261,260
848: 842,123,686,1075
849: 819,864,10
850: 777,20
851: 959,23,594,1045,407
1149: 766,970,1102
853: 129,959,1038,121,1045
854: 580,622,94
855: 1137,54,806
856: 610,1044,128,877
1054: 334,112
858: 394,85
859: 22,425,191
860: 935
1018: 479,1092,1078,498
862: 400,481,195,1034
863: 60,625,30,1136
864: 10,26,472,798,849,819
1146: 1084,1082,534,338,107
866: 874,357
867: 526,670,76
868: 474,501,83
869: 882,163,189,305
870: 627,7,1035,674
1152: 289,4
872: 762,890,649,75,1002
873: 542
874: 866,821,736
875: 370,447,738,1043,426
876: 913,153
877: 374,128,856,587
878: 27,1081
879: 256,106
880: 939,977,826,964
881: 63,306
882: 869,563,163
1127: 104,426
884: 914,604,832,1025,277
885: 399,204
886: 692,1142
887: 164,422,965,1028,604
888: 789,229,678,712
889: 93,453
890: 762,688,872,49,918,1002
891: 1105
892: 1000
893: 173,368,789
894: 1116,1014,241,718
1053: 28,552,1021,321,567
1073: 606,1088,1109,1052
897: 1090,1087,835,151
898: 281,294,50,355
899: 133,466,139
900: 675,245,126
901: 216,11,983
902: 573,654
903: 37,366,462,1022
904: 138,821,678,612,619
905: 313,211,713,34
1044: 673,638,856
907: 1142
908: 
909: 799,629
910: 972,924,623
1122: 490,240,451
912: 623,473
913: 876,99
914: 604,884,421,277,569
1071: 999,1093,336
1040: 523,103,14
917: 323,780,384,258
918: 49,890,1084
1072: 579
920: 507
921: 670,697,431
922: 758,1011,961,346
923: 1066,365
924: 1125,910,1086
925: 547,463,411,750
926: 215,767
927: 339,735
928: 304,706
929: 721,1129,945
930: 21,801,431,1070
931: 15,1042,754,25
932: 402,217,392,1022
933: 719
934: 960,440
935: 310,860,395,693
936: 454,1036
937: 676,513,978
938: 1027
939: 880,377,977
940: 665,1103
941: 416,420,122
942: 145,977,348,377,24
1039: 538,330,114,574
944: 477,87,743
945: 929,721,958
946: 153,567
947: 450,430,111,747
948: 348,377,220
949: 283,341,831,308,272
950: 998
951: 304,96
952: 491,1020,428,376,517
953: 247,271,1010,78
954: 128,452
955: 111,793
956: 194,983,648,1033
957: 594,962,286,407,1031
958: 95,945
959: 851,23,476,328,129,853,1045
960: 495,475,934,15
961: 507,758,922
962: 594,68,957,286,43,113
963: 65,340,410
964: 826,977,460,880
965: 887,164,971,604,469,421
966: 199,640
967: 481
1013: 732,386,592,1115
969: 154,641,533,415
970: 116,326,1149,381
971: 365,1112,164,965,469
972: 511,910,623
973: 289,330,114,675,245,682
974: 28,552,816
975: 418,1111
976: 
977: 145,942,880,939,964
978: 513,937
1042: 15,931,25,232,157
980: 264,88,1,371
981: 631
982: 1099,565,477,87
983: 194,956,29,901,11
984: 780,62
985: 303,740
986: 1132,99,307
987: 125,170,478
1090: 897,1087
989: 794,579
990: 829,550,351
991: 1062,1113,300,1140,500
992: 193
993: 444,369
994: 69
995: 315,10,26,585
996: 842,123
1148: 639,303,337,1088
998: 950
999: 405,120,1093,1048,1071
1000: 560,892
1001: 284,121,669,638
1002: 1116,890,872,75,1139
1003: 555,1007,480,1096
1004: 51,828
1005: 548,446
1006: 459,35,318,418
1007: 131,1131,757,1003
1008: 55,18,362
1009: 657,711,24
1010: 1126,78,1158,953,560
1011: 758,9,922
1012: 1087,393
1155: 250,358
1156: 579,207