1147: 731,203
1: 531,701,88,980,371
2: 583,439
3: 975,1111
4: 117,1152
5: 525,586,67
6: 1137,1171
7: 627,610
8: 1130,746,1041,1018,695,632,282
9: 1164
10: 864,26,849,995,1008
11: 216,29,491,194,983
12: 548,554
13: 783
14: 403,1070,810,1040
15: 931,157,960,475
16: 786,213
17: 1145,305,156
18: 506,509
19: 388,1128,1139,774,255
20: 664,777,850
21: 930,801,1070,810
22: 859,644,1097,425
23: 186,476,328,68,1045,594
24: 348
25: 232,658,201,1024
26: 864,10,472,444,315,995
27: 878,502
28: 974,816,719
29: 569,1144,277,194,11
30: 863,1067,1136
31: 427,292
32: 722,668,1049
33: 253,769,817
34: 905,313,1027
35: 589
1162: 674,644,562
37: 903,366,462,572,548
38: 81,634
39: 820,686,467,842
40: 174,258,384
41: 434,595
1082: 1084,1146,360,49,107
43: 962,1079,615,1031
44: 373,657
45: 499,568
46: 123,80
47: 295
1043: 399,885,174
49: 221,360,688,1082,890
50: 898,294,1047,593,231,183
51: 828,764
52: 1133,364,1106,307
1068: 156,528
54: 855,806
55: 585
56: 276
57: 585,222,369,315,81
58: 1021,946
59: 179,783
60: 863,643,625,505
61: 751,733,301,818
62: 119,384,590,1009,917,780
63: 1057,881,363
1011: 920,566,698,687
65: 963,410,611
1085: 367,557
67: 159,586,5
68: 962,1079,186,23,594
69: 994,580
1163: 167,177,186
71: 703,726
72: 870,1097,743
73: 223,212,115
74: 669,407,673
75: 124,100,894,241
76: 837
77: 1124,1001,1021
78: 1158,394,247
1134: 637
80: 466,46,1169
81: 38,57,222
1136: 221,360,30,863,1067
83: 501,868
84: 619,802,437,266
85: 394
1137: 6,855,645,806
87: 257,743,982,477,944
88: 352,1,980
89: 291,482,386
90: 733,162,110,238
1014: 322,900,126
92: 507,559
93: 889,700
94: 262,362,622,854,580
1170: 280,778,631
96: 951,390
1099: 982,310
1064: 396
99: 1132,913
100: 1032,75,241
101: 627,288
102: 575,168,725
103: 
104: 1127,426
105: 327,578,465,1141
106: 838,736,570
107: 338,360,1082,1146
108: 161
109: 1075,848
110: 238,90,162
111: 793,947,955
112: 334,1003,1046
113: 350,1031,957,779,565
114: 973,245,538
115: 73
116: 744,326,339,970,381
117: 4,574
118: 799,1053,321
119: 62,384,590
120: 1093,1015,405,999
121: 669,853
122: 420
123: 848,996,46
124: 75,1083
125: 987,1048,485,478
126: 900,142,1014
127: 133,218,1057
128: 374,954,877,856
129: 629,552,974
130: 747,497,450,287,391
131: 246
132: 525,586,227,311,522
133: 127,899,139,510
1125: 924,562,1086
135: 827,203,642
1098: 1130,246,746,767,215
137: 782,438,175
138: 904,736,619,266,838
139: 133,899,730,510
140: 592,386,482
1060: 335,741,1077,508
142: 900,245,126,538
1093: 120,999,1071
144: 147,1128
145: 977,942,711,460
1169: 429,275,80
147: 1128,144
148: 339,1013
1038: 290,476,328
1155: 645,250,1036
151: 558,835,897
1086: 910,180,511,924,1125
153: 946,876,739
154: 969,641,355,667,533
155: 530,503
156: 1068,528,17,1145
157: 15,475,823,224,755
158: 
159: 67,309,586,441,522
160: 659,1157,204,885
161: 108,1160
162: 733,90,110,751
163: 563,189,882,869
164: 823,607,1028,422
165: 546,483,259,297
1153: 940,665,465
167: 1163,290
168: 822,102,1061
169: 349,527
170: 987,1071,551
1107: 1069
172: 772,549,1055,428,1167
173: 825,1027,893
174: 40,399,1043,281
175: 781,776,137,242
1096: 333,555
177: 615,1163,1079
178: 332
179: 59,783,426
180: 599,511,1086
181: 620,597
1081: 878,332
183: 231,667,50,593,1032
1089: 
185: 530
186: 23,328,1163,1079,68
187: 219,327
1154: 666,575,725,524
189: 163,1145,305,869
190: 457,272,412
191: 693,425,859
192: 1115,296,608
193: 992,502
194: 983,956,29,449,11
195: 1034,481,596,862
1048: 336,125,485,535,230
1059: 568,1173,555
198: 298,600,1019,413
199: 868,474,1040
200: 1138,691,953,1129,271,1010
201: 570,1024,879,25
1078: 524,404,1113
203: 731,1147,642,135
204: 160,885
205: 371,445,717
1016: 276
207: 1103,1161,940
208: 637,1046
209: 520
210: 225,424,605
211: 709,905,701,713
212: 73,223,270,336
213: 1042,16,786,706
214: 815,835,423,599
215: 767,1007,926,1041,1098,746
216: 11,1138,691
217: 932,664,402
218: 1164,127,1057,306
219: 187,327
220: 948,1037
221: 360,49,1136,643,688
222: 57,585,81
223: 73,212,336
224: 823,232,157,607
225: 601,210,493,424
226: 497,672
227: 632,311,282,1030,132,522
228: 316,807,553,656
229: 513,888,789
230: 527,535,1048,485
231: 355,183,667,898,50
232: 25,658,224
1168: 702,380
234: 689,516,759
235: 748,1119,359
236: 676
1061: 790,739,168
238: 110,90
239: 749
240: 1122,689
241: 718,267,75,100,1032,894
242: 175,776,253
243: 440,755,1066,1112
1150: 345
245: 675,142,538,114,973
246: 1130,1098,131,1131
247: 858,394,727,1010,78
248: 357,473
249: 269
250: 645,1155,467,820,1036,1120
1083: 259,649,124
1035: 413,587,512
253: 33,242,776,817
254: 489
255: 774,1139,19
256: 786
257: 1097,87,743,395
258: 40
259: 297,1083,649,165,483
260: 1172,847
261: 
262: 94,362
1143: 651,665
264: 717,980
1114: 
266: 802,84,619,138,838
267: 241,718,1032,322
268: 329
269: 249
270: 212,396
271: 1010,200,691,953,331
272: 457,1022,308,949,412,190
1101: 498,479,689
1131: 1130,246,1030
275: 429,1169,1012
276: 1016,56
277: 569,29,1025,449
1102: 766,1149,1069
1126: 1158,630,560
280: 1170,778,631
281: 898,294,399,174
282: 227,632,311,1030,1018,8
283: 554,797,341
284: 933
1119: 359,235,748
286: 779,957
287: 489,526,130,391,446
288: 401,101
289: 330
290: 167,1038
291: 818,1117,89
292: 819,31
1052: 1109,1073,843
294: 281,898,50,399,1047
295: 47
296: 1115,192,556,829,608
297: 259,649,165,616,795
298: 198,600,1019,427,452
299: 
300: 1140,1062,991
301: 61,818,1013
1139: 19,255
303: 740,985,1148
304: 928,951
305: 17,1145,189,869
306: 881,218,1164
307: 986,52,1106
308: 341,949,272,412,1049
309: 159,441
310: 935,1099,395
311: 227,282,1018,1092,132
312: 815,1006,459
313: 905,34
314: 
315: 444,993,26,57,585,995
316: 228,807,1037,553
1049: 1151,412,32,308,668
318: 
1070: 403,14,810,21,930
320: 1023
321: 567,118,1053
322: 1014,267
323: 486,780,347,370
324: 687,358
1028: 422,823,164,755,887,1112
326: 744,116,970
327: 105,187,219
328: 186,476,23,1038
329: 368,268
330: 1152,289
331: 691,271
332: 178,1081
333: 1096,748
334: 112,1054,1003
335: 1060,741,734
336: 1048,223,212
337: 1165,1148,1132
338: 107,1146
339: 927,148,116,381
340: 963,1056,409,611
341: 308,949,283
1024: 201,25,658
1037: 220,316,807
1103: 207,940,635
345: 1150,372
346: 559,922,961
347: 447,984,323,780
348: 948,377,24,942
349: 169,527,535
350: 551,113,1031,478,565
351: 556,581,550,990
352: 88,709
353: 742
1151: 581,550,412,1049,668
355: 231,667,898,154,641
356: 367
357: 248,473,866
358: 1036,324
359: 1119,235
360: 221,49,1136,1067,107,1082
361: 671,745
362: 94,262
363: 681,63
364: 52,1106
365: 923,971
366: 37,903,753
367: 1085,356
368: 329,676,789
369: 516,993,57
370: 875,323
371: 205,531,1,980,699
372: 405,345,1015
373: 44
374: 954,128,877,452,600,587
1128: 388,19,147,144
376: 428,519,1144,952,491
377: 348,948,977,942,939
1160: 397,161,528
1116: 894
380: 397,1168,528
381: 116,339,970
1164: 218,9,306
1077: 1060,741,508
384: 119,62,917,40
1074: 775
386: 140,592,482,89
1033: 764,621
388: 1128,19,774
1066: 440,243,923
390: 704,96
391: 572,446,130,450,287
392: 932,715,402
393: 
394: 858,247,78,85
395: 425,310,935,257
396: 1064,270
397: 1160,380,528
398: 730,545
399: 885,1043,174,281,294
400: 862,1135,621,1034
401: 288
402: 715,392,217
403: 14,1070,474,1040
404: 1062,991,824,524,1078,1113
405: 372,120,1015
1075: 109,848
407: 74
1110: 1104
409: 611,1056,340
410: 455,1004,65
411: 561,750,925
412: 550,1151,1049,308,272,190
413: 587,1035,198,600,512
1032: 100,183,241,267
415: 533,969
416: 941,420,417
417: 420,533,416
418: 1006,459
419: 656
420: 417,122,941,416
421: 469,519,965,1025,914,569
422: 1028,607,164,605
423: 815,214,1111
424: 493,225,210,605
425: 395,191,859,22
426: 104,1127,179
427: 452,31,298,1019
428: 376,549,172,952
429: 275,1169,466,899
430: 826,947
431: 930,801,537,921,1005,670
1084: 1082,1146,918,534
1030: 227,632,282,1130,1131,522
434: 41,584,700
1135: 400,621,680,683
436: 595,796,791
437: 802,825,84
438: 720,137,782
439: 646,761,2,729
440: 243,960,475,934,1066
441: 522,159,309
442: 1152,737
443: 1104,814,620,1000
444: 993,315,1001,26,472
445: 205
446: 572,391,287
447: 347,738,875
448: 812,598,681
449: 683,277,194
450: 947,747,130,391
451: 1124,1001,1122,490
452: 427,374,954,298,600
453: 
454: 687
455: 410,1004
456: 
457: 831,272,1022,190
458: 624
459: 1006,418,312
460: 145,964
461: 794,989,841
462: 37,903,548
463: 547,704,925
1067: 30,360,1136
465: 1141,105,760,665,1153
466: 80,429,899
467: 250,39,820
1079: 43,68,177,615,186
469: 519,421,965,971
470: 793,654
1130: 1098,246,8,746,632,1030,1131
472: 864,26,798,444
473: 357,248,912
474: 868,199,633,501,403
475: 960,15,157,440,755
476: 23,328,1038,959,1045
477: 982,565,779,944,87
478: 485,987,125,350
479: 1092,1101,525
480: 
481: 967,596,195,862
482: 140,386,89
483: 546,165,659,1157,259
484: 663
485: 478,125,1048,230
486: 917,323
1017: 888,789,678,893
1165: 337,740,1133
489: 287,526,254
490: 1122,790,1124,451
491: 952,376,1144,11
1091: 1026
493: 424,225,601
1156: 579,1161
495: 960,1042,928,934
1069: 766,1102,1107
497: 747,130,672,226
498: 1101
499: 45
500: 1140,991,695,1113
501: 837,633,868,474,83
502: 193,27
503: 155,530
1112: 887,755,243,1028
505: 616,795,762,1095,643,60
506: 18,745
507: 961,758,920,559,92
508: 1060,1077
509: 18
510: 788,139,133,730
511: 180,599,972,1086
512: 709,413,1035
513: 937,229
1012: 972,910,623,275
1158: 1126,78
516: 369,234,759
517: 1167,952
518: 788
519: 469,421,1025,376,569,1144
520: 209
521: 
522: 441,227,1030,132,159
523: 
524: 1078,824,1154,404
525: 586,132,1092,479,5
526: 287,489,867
527: 535,230,169,349
528: 156,1068,1160,397,380
529: 757,1173
530: 185,155,503
531: 701,1,713,371,699
1115: 296,192,732,663
533: 417,415,969,154
534: 1084,1146
535: 527,230,1048,349
1010: 727,271,200,953,247
537: 921,1005,801,431
538: 245,142,114
1047: 1157,294,50,593
540: 720
1023: 745,320
542: 873
1092: 479,311,525
544: 
545: 398
546: 165,483,659
547: 463,925,772,750
548: 12,572,37,462
549: 772,172,428
550: 1151,412,351,990
551: 350,1031,170,987
552: 974,629,1053,129
553: 684,316,228,656
554: 12,797,283
555: 1173,1059,1096
556: 351,829,296
557: 1085,1159
558: 151
559: 346,578,961,507,92
560: 630,1126
561: 411,750,1055
562: 1125,644,1162
563: 163,882,732,663
1133: 52,740,1165
565: 982,477,350,113,779
566: 920,1011,698
567: 321,946
568: 1059,45
569: 29,1144,277,519,421,1025
570: 201,106,879
1117: 818,291
572: 391,446,37,548
573: 902,654
574: 117
575: 1154,725,102
576: 1026
1140: 300,991,500
578: 559,105,1141
579: 1156,1161,989
580: 854,69,622,94
581: 1151,668,351
1036: 1120,250,1155,358
583: 2
584: 1095,613,700,434
585: 57,222,315,995,55
586: 525,132,5,159,67
587: 413,1035,374,877,600
1124: 451,77,1001,1021,490
589: 734,741,35
590: 119,62,1009
591: 813
592: 140,386
593: 1047,50,183
594: 1044,23,962,68
595: 436,791,41
596: 481,967,831,195
597: 814,620,181
598: 681,448
599: 180,511,214
600: 198,298,452,374,413,587
601: 225,493
602: 737,1166,771,603
603: 602,1166,771
604: 914,884,965
605: 210,607,424,422
606: 1073,1088
607: 823,164,224,605,422
608: 829,761,296,192
609: 
610: 856,7
611: 409,65,963,340
612: 712,678,904
613: 1095,584,700,616
1172: 260,847
615: 177,43,1079
616: 505,795,1095,613,297
1055: 772,172,561,750,1167
618: 
619: 84,678,138,904,266
620: 181,443,814,597
621: 1135,400,1034,1033
622: 580,94
623: 912,972,910,1012
624: 458,822
625: 863,60
1046: 637,208,112
627: 101,870,7
628: 656
629: 909,653,552,129
630: 560,1126,813
631: 981,280,1170
632: 227,282,1030,1130,8
633: 670,837,501,474
634: 759,38
635: 1103
1025: 519,421,914,569,277
637: 208,1046,1134
638: 673,669
639: 1109,1148,1088
640: 966
641: 969,154,355
642: 731,203,827,1020,135
643: 60,505,762,221,688
644: 22,674,1162,562
645: 250,1155,1137
646: 439
1021: 58,1124,77
648: 956,764
649: 259,297,1083,795,1002
650: 749
651: 1143
652: 805,1007
653: 803,629
654: 793,470,902,573
1045: 851,476,23,959
656: 419,228,553,628
657: 711,44
658: 25,232,1024,769
659: 160,1157,546,483
1145: 17,305,189,156
1031: 551,350,113,43,957
662: 1108
663: 484,732,1115,563
664: 20,217
665: 940,1153,465,1143
666: 1154,824
667: 355,231,183,154
668: 32,581,1151,1049
669: 121,74,638,673
670: 633,1005,930,431
671: 361,1008,745
672: 747,497,826,226
673: 638,669,74
674: 870,644,1162
675: 900,245,1039,973
676: 937,368,236
1161: 207,579,1156
678: 888,1017,612,712,619,904
1111: 815,3,975,1006,423
680: 1135,683
681: 363,598,448,812
682: 773,1039
683: 449,680,1135
684: 553
1132: 99,337,986
686: 842,848,39
687: 698,324,454,1011
688: 872,1002,643,762,221,49,890
689: 234,1101,240
1029: 874,821,736
691: 1138,200,216,331,271
692: 886
693: 191,935
1104: 443,1110
695: 1018,1041,500,8
1121: 796,791
697: 921
698: 687,566,1011
699: 531,371
700: 584,613,434,93
701: 531,1,713,211,709
702: 1168
703: 71
704: 390,463
1026: 1091,576
706: 213,1042,928
1022: 457,831,272,949
1144: 569,29,519,376,491
709: 211,512,352,701
1171: 6
711: 657,145
712: 612,888,678
713: 531,701,211,905
714: 
715: 402,392,831
716: 775
717: 264,205
718: 241,267
719: 933,28
720: 540,438,782
721: 929,945
722: 32
1129: 929,200,953
1157: 659,160,483,1047
725: 575,1154,102
726: 71
727: 1010,731,858,247
1142: 796,907,886
729: 1004,761,439
730: 398,139,510
731: 203,1147,642,727,858
732: 1115,563,663
733: 90,162,751,61
734: 589,335
735: 744,927
736: 138,821,1029,838,106
737: 602,442
738: 875,447
739: 822,153,1061
740: 303,1165,985,1133
741: 335,1060,1077,589
742: 353,773,900
743: 1097,257,87,944,72
744: 116,326,735
745: 1023,671,361,506
746: 1130,1098,8,1041,215
747: 130,497,672,450,947
748: 235,333,1119
749: 650,239
750: 411,561,547,925,772,1055
751: 61,733,162
1097: 257,743,72,22
753: 366
1159: 926,557
755: 243,157,475,823,1028,1112
756: 844
757: 529
758: 961,507
759: 234,516,634
760: 465
761: 829,439,608,729
762: 505,795,643,688,1002
1088: 1073,606,1109,639,1148
764: 1033,648,51
1095: 584,613,505,616
766: 1149,1102,1069
767: 1007,215,1098
1108: 1105,662
769: 33,658
770: 
771: 602,603
772: 549,172,1055,547,750
773: 682,1039,742
774: 255,388,19
775: 716,1074
776: 781,175,242,253
777: 832,850,20
778: 280,1170,794,841
779: 286,113,565,477
780: 917,323,347,984,62,1009
781: 175,776
782: 137,720,438
783: 13,179,59
1120: 1036,250,820
1027: 893,34,173
786: 16,213,256
787: 
788: 510,518
789: 888,1017,368,229,893
790: 1061,490
791: 796,1121,436,595
1019: 198,298,427
793: 654,470,111,955
794: 461,989,841,778
795: 505,616,762,297,649,1002
796: 791,1142,1121,436
797: 554,283
798: 864,472,819
799: 118,909
1034: 195,862,400,621
801: 21,930,431,537
802: 437,266,84
803: 653,843
1041: 695,215,8,746
805: 652
806: 54,855,1137
807: 316,228,1037
1062: 991,404,824,300
1015: 120,372,405
810: 14,1070,21
1106: 844,364,52,307
812: 448,681
813: 630,591
814: 443,597,620
815: 214,835,1111,312,1006,423
816: 974,28
817: 253,33
818: 1117,61,291,301
819: 849,292,798,864
820: 39,467,250,1120
821: 904,736,874,1029
822: 739,168,624
823: 164,224,157,607,755,1028
824: 666,1062,404,524
825: 173,437
826: 430,964,880,672
827: 901,1020,135,642
828: 1056,51
829: 761,990,556,296,608
1138: 200,691,216
831: 457,1022,715,596
832: 777,850,884
1057: 63,127,218
1141: 465,578,105
835: 815,214,897,151
1113: 1018,991,404,1078,500
837: 76,501,633
838: 106,138,736,266
1020: 827,901,642
1105: 891,1108
841: 794,461,778
842: 848,996,686,39
843: 1052,803
844: 756,1106
1109: 639,1052,1073,1088
1056: 828,340,409
847: 260,1172
848: 842,123,686,1075,109
849: 819,864,10,1008
850: 832,777,20
851: 1045,959,853
1149: 766,970,1102
853: 121,851
854: 580,94
855: 1137,54,806
856: 610,128,877
1054: 334,1003
858: 394,247,727,731
859: 22,425,191
860: 935
1018: 695,1113,8,311,282
862: 400,481,195,1034
863: 60,625,30,1136
864: 10,26,472,798,849,819,1008
1146: 1084,1082,338,107,534
866: 357,874
867: 526
868: 474,199,501,83
869: 163,189,882,305
870: 72,674,627
1152: 442,330,4
872: 688,1002,890
873: 542
874: 1029,866,821
875: 738,447,370
876: 913,153,946
877: 374,128,856,587
878: 27,1081
879: 570,201
880: 939,977,826,964
881: 63,306
882: 563,163,869
1127: 104,426
884: 914,604,832
885: 399,1043,204,160
886: 692,1142
887: 971,1112,1028,965
888: 789,1017,678,229,712
889: 93
890: 918,49,872,688
891: 1105
892: 
893: 1027,789,1017,173
894: 1116,75,241
1053: 118,321,552
1073: 606,1088,1109,1052
897: 835,151
898: 281,294,50,355,231
899: 133,429,466,139
900: 675,142,126,742,1014
901: 827,983,956,1020
902: 573,654
903: 37,366,462
904: 138,821,678,612,619
905: 313,34,211,713
1044: 594,957,962
907: 1142
908: 
909: 629,799
910: 972,1086,924,1012,623
1122: 490,240,451
912: 623,473
913: 876,99
914: 604,884,421,965,1025
1071: 987,1093,170
1040: 199,403,14
917: 486,780,62,384
918: 890,1084
1072: 
920: 566,1011,507
921: 697,1005,537,431
922: 961,346
923: 365,1066
924: 1125,910,1086
925: 547,463,411,750
926: 1159,1007,215
927: 339,735
928: 304,1042,706,495
929: 721,1129,953,945
930: 21,801,431,1005,670,1070
931: 15
932: 392,217
933: 719,284
934: 960,495,440
935: 310,860,395,693
1166: 602,603
937: 676,513
1167: 517,172,1055
939: 880,377,977
940: 665,1153,207,1103
941: 416,420
942: 145,977,348,377
1039: 773,682,675,973
944: 477,87,743
945: 929,721,958
946: 153,876,567,58
947: 450,430,111,747
948: 348,377,220
949: 308,341,272,1022
950: 998
951: 304,96
952: 491,428,376,517
953: 200,929,1129,271,1010
954: 374,128,452
955: 111,793
956: 194,983,901,648
957: 1044,962,113,1031,286
958: 945
959: 476,1045,851
960: 495,475,15,934,440
961: 507,758,922,346,559
962: 43,68,594,1044,957
963: 65,340,611
964: 826,977,460,880
965: 469,421,887,914,604
966: 640
967: 481,596
1013: 148,301
969: 154,641,533,415
970: 116,326,1149,381
971: 887,365,469
972: 910,511,1012,623
973: 114,1039,675,245
974: 552,28,816,129
975: 3,1111
976: 
977: 145,942,377,880,939,964
978: 
1042: 213,706,495,928
980: 264,88,1,371
981: 631
982: 1099,565,477,87
983: 194,956,11,901
984: 347,780,1009
985: 303,740
986: 307,1132
987: 125,1071,170,551,478
1090: 
989: 794,461,579
990: 829,550,351
991: 1062,404,1140,300,500,1113
992: 193
993: 444,315,1001,369
994: 69
995: 315,10,26,585
996: 842,123
1148: 639,303,337,1088
998: 950
999: 120,1093
1000: 443
1001: 1124,451,77,444,993
1002: 872,688,795,762,649
1003: 334,112,1054
1004: 455,729,410
1005: 921,537,930,431,670
1006: 418,459,815,1111,312
1007: 767,215,926,652
1008: 671,864,10,849
1009: 62,590,984,780
1173: 529,555,1059