0: 867,76
1: 531,701,980,371
2: 990,583
3: 1111,423,815
4: 117,289
5: 689,1038,586,67
6: 855,806
7: 1045,627,435,870
8: 215,150,1130
9: 758,306
10: 864,26,849,995
11: 376,491,29,983,901,216
12: 548,554,797
13: 441,480
14: 614,1070,810,1039
15: 475,157
16: 786,213
17: 156,305
18: 55,506,362
19: 1128,388,75,774,255
20: 832,777,1028,79,1033
21: 930,810
22: 859,1097,425
23: 959,851,186,476,594,68
24: 724,348
25: 232,658,201,754
26: 864,10
27: 878,502
28: 974,552,1053
29: 569,376,11,194,983
30: 1067,863,221
31: 819,292
32: 722,1005,308,1034
33: 769,253,493,225
34: 905,313,825
35: 459,318,233,418
36: 767,1098
37: 462,572,548
38: 57,759,634,222,1030,69
39: 686,467
40: 174
41: 1123,1046,434,595,436
1082: 1084,338,107,534
43: 615,551,68,113
44: 361,1019,745,352,373
45: 1118,595,568,499
46: 80,123,996,91
47: 144
1043: 82,347,94,984,62
49: 221,360,688
50: 483,124,294,898
51: 764,299,439,1004
52: 364,1106,307
1068: 156,528
54: 393,847,855,806,1012
55: 18,995,1008
56: 71
57: 759,38,369,585,222,1030
58: 946,1124,790,1018
59: 179
60: 863,643,625
61: 751,733,301,818
62: 119,984,1043,780
63: 881
64: 972,275,558,1006
65: 963,340,611
1085: 500,991,300
67: 309,5,1038,159
68: 594,962,186,43,23
69: 1030,38,861,994
70: 352,1001
71: 56
72: 743,206,627,870
73: 223,212,115
74: 121,401,673
75: 708,918,1116,19,1128
76: 722,1005,0
77: 490,1124
78: 813,394,85
79: 1028,1033,20
80: 46,91,133
81: 622,585,222,1030
82: 1043,94
83: 542,873,501,868
84: 888,619,1024,802,266
85: 591,858,394,78
86: 546,1003,453
87: 257,477,982,944
88: 980,320,657
89: 1117,702
90: 733,238,162
91: 269,996,80,46,466
92: 507,559
93: 889,359,1046,700,1003
94: 262,1043,82,347
95: 560,271,945,1129,958
96: 304,951
1099: 982,310
1064: 396
99: 1132,986,158
100: 593,183,267,241
101: 856,1045,792,268
102: 725,666,168
103: 523,1032,1039
104: 1127
105: 760,578,465
106: 677,736,879
107: 338,1067,360,1082
108: 161
109: 151,1075,558
110: 1013,162,523,238
111: 430,1023,793,955,573
112: 334,1054
113: 779,286,43,551,350,962
114: 574,538,330,973,245
115: 73
116: 744,326,339,970,381
117: 4,330
118: 799,321
119: 62,384
120: 405,999,1093
121: 407,957,74,638,673
122: 415,968,420
123: 842,848,46,996
124: 659,294,50,483
125: 987,230,485,478
126: 536,416
127: 139,133,218,466,1057
128: 374,954,877,856
129: 328,959
130: 747,497,450
131: 1131,757
132: 525,586,522,1007,227
133: 899,127,80,466
1125: 644,562,1031,1086,924
135: 827,642
1098: 1130,246,215,767,36
137: 437,438,540,782
138: 821,619,266,838
139: 899,127,510
140: 556,592,482
1060: 335,741,1077,508
142: 1032,416,314,538
1093: 999,120,1071
144: 47,992
145: 977,942,711,964,460
146: 195,1080,596,646,583
147: 534,1084,708,1002
148: 339
1038: 234,240,5,67,634
150: 282,8
151: 109,897,835,558
1086: 910,924,1031,1125
153: 876,1021,946
154: 969,355,533
155: 503,1041,530
156: 1068,17
157: 755,15,475
158: 606,1088,1132,99
159: 586,522,67
160: 659,453,204,1047
161: 108,528
162: 110,1013,733,90,751
163: 563,189,869,882
164: 1112,823,965,887,422
165: 659,546,259,483
166: 
167: 
168: 822,739,1061,102
169: 349,527
170: 987
1107: 1069
172: 772,549,1055,428,517
173: 368,313,893,825,487
174: 40,399,281
175: 242
1096: 333
177: 615
178: 332,1014
179: 738,426,59
180: 1031,214
181: 620,597
1081: 332,1014,878
183: 593,100,231,267
1089: 
185: 
186: 1079,476,23,68
187: 363,327,881
1100: 1116
189: 163,305,869
190: 272,596,412
191: 425,693,859
192: 296,1115,608
193: 992,502
194: 983,956,569,29
195: 146,457,596
1048: 803,843,799,909
1059: 
198: 427,298,413
199: 640,403,614,966,1013
200: 691,929,1129,271
201: 776,1042,754,25,658
1078: 725,524,498
203: 276
204: 486,160,885
205: 371,717,445
206: 288,627,743,72
207: 1072,1103,579
208: 637
209: 
210: 224,931,225,605
211: 905,701,713
212: 73,223,270
213: 677,16,256
214: 599,180
215: 8,926,767,1098
216: 901,491,11,952
217: 903,932,424,664
218: 466,127,1057
219: 998,363,327,812
220: 948
221: 360,49,643,30,688
222: 585,57,38,1030,81
223: 73,212,336
224: 607,931,210,232
225: 33,931,210
226: 254,1040
227: 132,522,632
228: 488,316,553,656
229: 937,676,1044,712,789,513
230: 125,485,535,514
231: 355,593,183
232: 25,658,769,224,931
233: 975,418,35
234: 240,1038,516
235: 359,1127,889,1047
236: 674,937,676
1061: 739,564,1021,168,790,1018
238: 523,110,90
239: 749
240: 234,689,1038,1101
241: 718,267,100,894,378
242: 175,263,253
243: 440,1066,755,1112
244: 
245: 973,675,114
246: 1130,1098,1131
247: 953,271,1126,394
248: 357,473,912,1035
249: 1036,454
250: 358,1120,820
1083: 649,259,297,795
1035: 612,513,978,912,248
253: 33,242,493
254: 226,684,1040,1037
255: 515,774,322,1116,894,19
256: 879,382,677,213
257: 1097,87,395
258: 917,384
259: 297,165,483,1083
260: 393
261: 847
262: 94,362,509,590
263: 242
264: 711,460
1114: 651,665,635,1103
266: 802,84,619,138,838
267: 1063,718,241,100,183
268: 329,101,1045,792
269: 996,91,1036,466
270: 212,396
271: 953,95,247,200,1129
272: 190,457,831,949
1101: 498,479,240
1080: 146,646
275: 972,623,64,1006,429
276: 1016,858,203
277: 862,680,884
1102: 766,1069
1126: 813,630,394,953,247
280: 714,1000,631,778,981
281: 898,399,294,174
282: 695,150,311,1007
283: 341,797,554,715
284: 
1119: 748
286: 113,779,962,957,401
287: 446,489,526
288: 206,627,435
289: 330,973,682,4
290: 803,653,629
291: 818
292: 849,819,31
1052: 1109,1073,843
294: 399,124,50,281,898
295: 1002
296: 192,1115,829,608
297: 259,795,1083
298: 198,427,671,361
299: 400,51,439
300: 1062,991,1085
301: 61,818
302: 1010
303: 337,740,985,639
304: 96,951
305: 869,189,17
306: 922,9
307: 52,1106
308: 949,32,412,550,1034
309: 67,441
310: 935,1099,395
311: 479,1092,282,695,1007,525
312: 418,1111,815
313: 938,173,34,825
314: 1039,142,1032
315: 585
316: 488,228,553
1049: 403,1070,633,474
318: 459,35
1070: 403,14,614,1049,810
320: 657,88
321: 1053,118
322: 255,894,718,353
323: 917,370
324: 698,358,687,566
1028: 850,79,1033,664,1025,20
326: 744,116,970
327: 363,187,219
328: 129,476,959
329: 938,1044,268,792,1027
330: 289,973,114,117
331: 642,727
332: 1081,178,1014
333: 1096
334: 112,1054,805
335: 1060,741,734
336: 1071,223
337: 303,740,639,1088,1132
338: 107,1082,534
339: 927,148,116,381
340: 65,963,611
341: 283,1005,949
1024: 84,888,619,487
1037: 489,254,497
1103: 207,1072,1114,940,635
345: 372
346: 559,758,961,922
347: 1043,854,94,984
348: 948,24,942
349: 169,527,535
350: 551,113,779,565
351: 412,581,550,990
352: 70,361,44,373,1001
353: 742,322
1063: 718,267,742
355: 231,154
356: 367
357: 248,473,730,866
358: 250,1120,687,324
359: 235,748,1046,889,93
360: 221,49,1067,107
361: 44,671,298,352
362: 262,622,18,506,509
363: 327,881,187,219
364: 52
365: 923
366: 753,1022
367: 356
368: 173,938,1044,893,789
369: 516,993,57,759
370: 875,323
371: 205,531,1,980
372: 345,405
373: 1019,44,352
374: 954,128,877,587,600
1128: 19,388,708,75
376: 491,11,519,29
377: 948,977,942,939
378: 894,241
1116: 894,1100,75,255
380: 1117,397
381: 116,339,970
382: 256,495
1077: 1060,741,508
384: 917,258,780,119
1074: 775
386: 1115,732
1033: 850,1028,79,832,20,707,680
388: 19,1128,1002,774
1066: 440,243,923
390: 704
391: 572,446
392: 554,402,715
393: 847,54,260
394: 813,1126,247,858,85,78
395: 425,310,935,257
396: 1064,270
397: 380
398: 874,545,866
399: 885,294,174,281
400: 299,621
401: 286,957,74
402: 1025,392,715,481,967
403: 614,1070,1049,966,474,199
404: 824,524,1113,695,1092
405: 999,120,372
1075: 109,848
407: 121,957,851,594,853
1110: 443,1104
409: 703
410: 729,828,963
411: 561,750,925,1000
412: 351,550,308,190
413: 587,600,512,198,427
1032: 142,314,1039,538,103
415: 122,968,419,420,533
416: 941,126,142
417: 667
418: 975,1111,312,233,35
419: 807,415,968
420: 415,122,941
421: 604,965,469
422: 871,605,607,164,823,887
423: 3,815
424: 217,664
425: 395,191,859,22
426: 179
427: 198,298,452,413,600
428: 549,172,517
429: 275
430: 111,947,1023,826
431: 921,537,801,930
1084: 1082,708,918,147
1030: 69,57,38,222,81
434: 1046,700,41,584
435: 288,627,7,1045
436: 1118,595,791,41
437: 137,438,802,781
438: 137,437,540
439: 828,809,299,51,1004
440: 1066,243,475,934,755
441: 13,309
442: 737
443: 1110,814,1104,620
444: 472
445: 720,205,717
446: 287,391,526
447: 875
448: 812,598,681
449: 683,648
450: 947,747,130
451: 1122,993
452: 954,427,600
453: 889,1047,546,86,1003,160
454: 687,566,249,936
455: 
456: 
457: 831,481,272,195
458: 624,1041
459: 318,35
460: 964,264,711,145
461: 794,841,1000
462: 37,903,932
463: 547,704
1067: 30,360,107
465: 105,760
466: 218,269,91,127,133
467: 1012,645,39,820
1079: 186,476
469: 965,971,421
470: 793,654,955,1017,753,1022,601
1130: 1098,246,8
472: 864,444,798
473: 357,248,912
474: 966,868,633,403,1049
475: 960,15,157,755,440
476: 1079,186,328,959,23
477: 779,565,982,944,87
478: 485,987,125
479: 311,1092,498,1101,525,689
480: 13
481: 457,967,402,707
482: 140
483: 50,124,165,259
484: 663
485: 478,125,230,514
486: 204,885
487: 825,173,893,888,1024
488: 228,316,641
489: 1037,287
490: 77,1124,1122
491: 376,11,952,216
1091: 1026,576
493: 817,33,253,770
1087: 1090
495: 960,382
1069: 766,1102,1107
497: 747,130,1037
498: 1101,1078,479,1092
499: 1121,45,1118
500: 1085,991,746
501: 837,633,868,83
502: 193,27
503: 1041,155,624,530,575,822
1112: 164,823,243,971
505: 616,643,762,688
506: 18,745,1019,362,509
507: 961,920,559,92
508: 521,1060,1077
509: 590,1009,506,262,362
510: 788,139
511: 910,599,972,623
512: 413,587
513: 612,1035,229,937,978,712
514: 527,535,230,485
515: 774,255
516: 369,993,234,759
517: 952,428,172
518: 788
519: 376
520: 
521: 508
522: 132,586,227,632,159
523: 238,103,1039,110
524: 824,404,1078,725
525: 132,586,311,479,1007,689
526: 670,287,446
527: 535,514,169,349
528: 161,1068
529: 
530: 155,503,575,666
531: 701,1,713,371
1115: 386,192,296,732,663
533: 969,154,415
534: 147,338,1082
535: 527,514,230,349
536: 667,126
537: 801,728,697,921,431
538: 114,574,142,1032
1047: 235,453,889,160
540: 699,137,438
1023: 111,430,717,839,826
542: 83,868,640
1092: 311,479,404,695,498
544: 
545: 874,398,736,786
546: 86,1003,453,165,659
547: 463,925,772,750
548: 12,572,37
549: 772,172,428
550: 351,412,581,1034,308
551: 350,43,615,113
552: 28,974,1053
553: 684,228,316,656
554: 392,12,283,797
555: 757
556: 140,592,581
557: 
558: 1006,109,151,64
559: 346,578,507,92
560: 953,95,892,958,630
561: 411,750,1055,577
562: 644,1125,674,924,1029
563: 163,732,663
564: 739,1021,1061,790,1018
565: 477,779,350,982
566: 687,454,698,324
567: 719,710,946
568: 45
569: 29,194
570: 776
1117: 89,702,380
572: 391,37,548
573: 793,654,839,902,111
574: 114,538,1065
575: 822,666,503,530
576: 1091
577: 908,1055,561,1020
578: 559,105
579: 207,1072,989
580: 854,994,738
581: 351,550,556
1036: 249,936,269
583: 646,596,146,2
584: 1095,613,700,434
585: 315,222,57,81
586: 525,132,522,5,159
587: 413,600,512,374,610
1124: 710,58,77,490
589: 734,741
590: 509,1009,262,724
591: 85
592: 140,556
593: 100,183,231
594: 962,68,851,23,407,957
595: 45,436,1123,41
596: 190,195,146,583
597: 1010,814,620,181
598: 681,448
599: 214,511,972
600: 413,587,452,374,427
601: 770,470,817,753
602: 737,771,603
603: 602,771
604: 914,421,965,887
605: 422,871,607,210
606: 1073,158,1088
607: 224,422,605,823
608: 829,761,192,296
609: 778,794
610: 1027,877,587
611: 65,340,1026
612: 513,1035,712,678,904
613: 1095,584,700,1003
614: 403,14,1070,1013,199
615: 43,177,551
616: 505,795
1055: 772,172,561,750,577
618: 
619: 84,888,1024,678,138,904,266
620: 181,443,814,597
621: 683,648,400
622: 81,362
623: 972,275,511,910
624: 458,503,1041,822,739
625: 863,60
1046: 700,434,41,359,93
627: 206,288,435,72,7,870
628: 728,656
629: 653,290,909
630: 813,1126,560,953,892
631: 778,280,981
632: 227,522
633: 501,1049,474
634: 1038,759,38
635: 1114,1072,1103
1025: 664,402,850,647,1028,967
637: 208
638: 669,121,673
639: 1109,1088,303,337
640: 199,542
641: 969,488,807
642: 331,727,827,135,731
643: 60,505,221,688
644: 562,1125,674
645: 806,467,1012
646: 583,146,1080
647: 664,1025
648: 449,621,683
649: 1083,795,762,872
650: 749
651: 665,1114,760
652: 805
653: 629,290
654: 793,470,573,902,1017
1045: 7,435,101,268
656: 628,228,553
657: 320,88,711
658: 25,232,1042,201,769
659: 124,165,160,546
1118: 45,1121,499,791,436
1031: 859,180,1125,1086
662: 1108
663: 484,732,1115,563
664: 1025,217,932,424,647,1028
665: 651,1114,760,940
666: 575,530,102,725
667: 536,417
668: 873,722,1034
669: 638,853
670: 526,867,837
671: 298,361
672: 747
673: 121,74,638
674: 236,644,562,937,1029
675: 900,773,682,973,245
676: 229,937,236,1044,789
677: 106,786,879,256,213
678: 712,893,612,888,619,904
1111: 975,418,312,3,815
680: 277,1033,832,884
681: 598,448,812
682: 773,675,289,973
683: 621,449,648
684: 553,1040,254
685: 
686: 848,39
687: 566,454,358,1120,936,324
688: 762,643,505,221,49
689: 240,5,479,525
1029: 978,674,562,924,937
691: 200
692: 886
693: 935,191
1104: 981,443,1110
695: 282,1113,404,311,1092
1121: 499,1118
697: 728,537,921
698: 324,566
699: 540,720
700: 1046,434,93,584,613,1003
701: 531,1,211,709
702: 1117,89
703: 726,1056,409
704: 390,463
1026: 1091,611
706: 928
707: 850,1033,481,967
708: 918,75,1084,147,1128
709: 1001,701
710: 946,1124,567
711: 264,657,145,460
712: 678,893,789,229,612,513
713: 211,905,531
714: 280,981
715: 831,392,402,283
716: 775
717: 839,205,445,1023
718: 1063,267,241,894,322
719: 567,1053
720: 445,699,782
721: 908,1010,929,945
722: 32,76,1005,873,668
1129: 929,945,200,95,271
724: 24,590,1009
725: 102,1078,666,524
726: 1056,703
727: 331,642,731,1016
728: 628,697,537
729: 410
730: 357,866
731: 642,727,1016
732: 386,1115,563,663
733: 90,162,751,61
734: 589,335
735: 744,927
736: 106,874,545
737: 602,442
738: 179,994,580
739: 564,1021,1061,624,822,168
740: 303,337,985
741: 335,1060,1077,589
742: 353,1063
743: 944,206,72
744: 116,326,735
745: 506,1008,1019,44
746: 500
747: 130,497,672,450
748: 783,359,1119
749: 650,239
750: 411,561,547,925,772,1055
751: 61,162,733
1097: 257,22
753: 366,1022,470,601
754: 201,25
755: 157,475,440,243
756: 844
757: 555,131
758: 9,961,922,346
759: 57,38,369,516,634
760: 105,465,651,665
761: 829,608
762: 688,872,890,505,795,649
1088: 1109,639,337,1073,606,158
764: 51
1095: 584,613
766: 1102,1069
767: 36,926,215,1098
1108: 1105,662
769: 33,232,658,931
770: 601,493
771: 602,603
772: 549,172,1055,547,750
773: 675,682
774: 515,255,19,388
775: 716,1074
776: 570,201,1042
777: 832,20,871,887
778: 609,631,794,841,280
779: 113,477,286,565,350
780: 917,384,984,62
781: 802,437
782: 137,720
783: 748,1127
1120: 250,358,820,936,687
1027: 610,792,329,938
786: 16,545,677
787: 
788: 510,518
789: 712,893,1044,229,676,368
790: 1018,564,1061,58
791: 796,1118,436
792: 1027,101,329,268
793: 654,470,955,573,111
794: 461,989,841,609,778
795: 297,616,762,1083,649
796: 791,886
797: 283,12,554
798: 849,819,864,472
799: 118,1048,909
1034: 550,32,308,668
801: 537,431,930
802: 781,266,84,437
803: 843,1048,290
1041: 503,155,458,624
805: 652,334
806: 6,855,54,1012,645
807: 419,969,641
1062: 991,300,1113,824
809: 439,828
810: 1039,21,14,1070
1106: 844,52,307
812: 448,681,219
813: 630,1126,394,78
814: 443,1010,597,620
815: 3,1111,312,423
816: 
817: 493,1017,601
818: 291,61,301
819: 849,292,798,31
820: 250,1120,467
821: 138,904
822: 575,168,503,624,739
823: 1112,164,607,422
824: 524,404,1062,1113
825: 487,313,173,34
826: 430,947,1023
827: 642,135
828: 439,809,410,1004,963
829: 761,296,608
1058: 
831: 457,715,949,272
832: 777,20,884,1033,680
1057: 127,218
1094: 
835: 151,897
1113: 1062,991,824,404,695
837: 501,670
838: 138,266
839: 717,1023,573
1105: 891,1108
841: 1000,794,461,778
842: 123,848,996
843: 803,1048,1052
844: 756,1106
1109: 639,1088,1052,1073
1056: 726,703
847: 393,54,261,855
848: 842,123,686,1075
849: 819,292,798,864,10
850: 1028,1033,1025,967,707
851: 959,23,594,853,407
1065: 574
853: 851,407,669
854: 580,347
855: 6,806,847,54
856: 101,128,877
1054: 334,112
858: 276,1016,394,85
859: 22,1031,425,191
860: 935
861: 994,69
862: 277
863: 60,625,30
864: 472,26,10,849,798
1123: 41,595
866: 874,357,730,398
867: 670,0
868: 966,474,501,542,83
869: 305,882,163,189
870: 627,72,7
871: 422,605,887,777
872: 762,890,649
873: 83,722,668
874: 545,866,398,736
875: 370,447
876: 913,1021,153
877: 374,128,856,610
878: 27,1081
879: 256,106,677
880: 939,977
881: 363,187,63
882: 869,163
1127: 104,235,783
884: 832,914,277,680
885: 399,204,486
886: 692,907,796
887: 164,422,871,777,604
888: 84,619,1024,678,893,487
889: 453,93,235,359,1047
890: 762,872,918
891: 1105
892: 560,630
893: 712,678,789,173,368,487,888
894: 1116,378,718,241,255,322
1053: 321,28,552,719
1073: 606,1109,1088,1052
897: 151,1090,835
898: 281,294,50
899: 139,133
900: 675
901: 216,11,983
902: 654,573,1017
903: 217,462
904: 821,678,612,619
905: 211,713,34
1044: 329,938,229,676,368,789
907: 886
908: 577,1020,929,721
909: 1048,799,629
910: 511,1086,924,623
1122: 451,490
912: 978,1035,248,473
913: 876
914: 604,884
1071: 999,1093,336
1040: 684,939,226,254
917: 258,780,384,323
918: 708,75,890,1084
1072: 207,1103,635,989,579
920: 507
921: 431,697,537
922: 306,758,346
923: 1066,365
924: 910,1086,562,1125,1029
925: 547,1000,411,750
926: 215,767
927: 339,735
928: 706
929: 945,1129,908,200,721
930: 21,801,431
931: 224,210,769,232,225
932: 217,462,664
933: 
934: 960,440
935: 310,860,395,693
936: 1036,1120,687,454
937: 229,676,236,674,1029,978,513
938: 329,1044,1027,313,368
939: 880,377,1040
940: 665,1103
941: 416,420
942: 145,977,348,377
1039: 810,314,1032,14,523,103
944: 743,477,87
945: 929,1129,721,95,958
946: 710,58,153,567
947: 430,826,450
948: 348,377,220
949: 308,341,831,272
950: 998
951: 96,304
952: 517,491,216
953: 560,271,247,630,1126
954: 374,128,452
955: 793,470,111,1022
956: 194,983
957: 121,407,594,962,286,401
958: 945,560,95
959: 851,23,476,328,129
960: 495,475,934
961: 507,758,346
962: 594,68,113,286,957
963: 65,340,410,828
964: 460,145,977
965: 164,971,604,421,469
966: 868,474,403,199
967: 481,402,1025,850,707
968: 415,122,419
969: 154,641,807,533
970: 116,326,381
971: 1112,965,469
972: 275,623,64,599,511
973: 289,330,245,675,682,114
974: 28,552
975: 418,1111,233
976: 
977: 145,942,964,377,880
978: 1029,937,912,513,1035
1042: 201,776,658
980: 88,1,371
981: 1104,631,714,280
982: 1099,477,565,87
983: 194,956,29,11,901
984: 1043,347,780,62
985: 303,740
986: 1132,99
987: 125,170,478
1090: 1087,897
989: 794,1072,579
990: 2,351
991: 1062,300,1113,1085,500
992: 193,144
993: 369,516,451
994: 861,69,738,580
995: 1008,10,55
996: 269,91,842,123,46
997: 
998: 219,950
999: 405,120,1093,1071
1000: 841,461,925,411,280
1001: 70,352,709
1002: 388,147,295
1003: 546,86,700,453,93,613
1004: 51,439,828
1005: 722,32,76,341
1006: 558,275,64
1007: 282,311,525,132
1008: 995,55,745
1009: 509,590,724
1010: 302,814,597,721
1011: 
1012: 467,54,806,645
1013: 110,162,614,199
1014: 332,1081,178
1015: 
1016: 276,858,727,731
1017: 817,902,654,470
1018: 790,564,1061,58
1019: 44,506,745,373
1020: 577,908
1021: 739,564,1061,876,153
1022: 753,366,470,955
1131: 131,246
1132: 99,986,337,158