0: 797,867,83
1: 70,273,352,320,660,657
2: 729,655,66,410
3: 935,975,693
4: 117,289
5: 67,586,240,634
6: 855,806
7: 288,435,101
8: 1019,632,215,36,1030
9: 218,922,306
10: 671,849,995
11: 491,376,216,200
12: 
13: 317,59,131,159,441
14: 614,810,403,110
15: 224,232,157,607
16: 706,598,1001,213
17: 305
18: 622,362,94
19: 774,388,295
20: 784
21: 883,415,420
22: 743,395,425,72,541
23: 959,476,186,68,594
24: 984,119,804
25: 232,658,754
26: 
27: 515,878,502,342
28: 1053,354,719
29: 983,956,194,764
30: 1067
31: 819
32: 722,283,873
33: 225,769,770,253,493
34: 905,313
35: 233,418,811
36: 805,767,1030,557,215,8
37: 391,572,865
38: 69,222
39: 820,936
40: 316,220,174
41: 436,613,93,584,895
42: 517,1055
43: 68,113,551,177,186
44: 471,509,320,724
45: 499,595,1047
46: 80,91,123,996
47: 532,147
48: 500
49: 107,360,688,918,1040
50: 898,641,259,355
51: 827,1020,1032,621,400,808
52: 307,986,458,503,624
53: 565,514,87
54: 897,459,260
55: 361,995,671
56: 279,71,661
57: 759,222
58: 77,710,617
59: 13,317,131,293,555,757,333,179
60: 616,643,165,863
61: 818,751,679,162,733
62: 948,939,684,497
63: 922,306,881,188,1042
64: 429,123,1011
65: 963
66: 583,655,1022,2
67: 309,5,861
68: 43,113,186,23
69: 38,994
70: 273,1,709,373
71: 56,661,726,703,988
72: 743,22,627
73: 223,115
74: 206,401
75: 894,322,708,890,774,255
76: 797,722,283
77: 58,492
78: 85,394,813
79: 850,277,862
80: 91,133,46,730
81: 362,585
82: 738,875
83: 582,0
84: 888,619,487,438,266
85: 78,394,276,591
86: 453,584,613,659,700
87: 982,53,514,477,779
88: 657,660,711,205,264,717
89: 482,291,1017,380
90: 148,690,733,927
91: 80,133,46,269,996
92: 507,559
93: 568,434,1047,41,584
94: 854,622,18
95: 247,929,958,858,560
96: 951,1004,1029,304,1028
97: 724,590,262,509
98: 177,615,1008
99: 458,696,158,876,799
100: 378,241,593
101: 435,7,877
102: 168,1061,325,524,375
103: 314,810,142,723,523
104: 426,889,359,453,235
105: 760,465
106: 736,838,879,677,256
107: 49,360
108: 
109: 558,1075,1011,897,151
110: 523,810,14,614,1037
111: 947,793,955
112: 334,1048
113: 43,68,551,350,962
114: 1049,538,1005,330
115: 73
116: 744,326,970,381
117: 4,330
118: 909,799,913,1018
119: 917,24,984
120: 170,588,336,987
121: 407,853,673,638
122: 930
123: 64,842,46,996
124: 399,483,898,259
125: 336,1071,478
126: 245,979,533,416,1005
127: 139,1057,788
128: 374,954,284,433,856
129: 166,816,328,959
130: 450,391
131: 13,317,59,1019,480,293,555
132: 282,311,227,522
133: 80,91,899,466
134: 285,901,827,1020,340
135: 800,703,1056,1026,726
136: 575,822,739
137: 540,438,263,802
138: 619,266
139: 398,127,788
140: 581,592,1017,668
1060: 335,741,508
142: 538,416,1005,103,314,723
143: 243,365,1066,976,923,765
144: 992,295,147,178
145: 264,964,471,711
146: 680,646,400,1032
147: 47,532,144,295,178
148: 90,301,685
149: 
150: 215,632
151: 599,214,835,109
152: 
153: 876,564,913,1018
154: 488
155: 666,530,575
156: 1068,189
157: 607,755,15
158: 696,99,337,606,1073
159: 227,522,480,309,13,441
160: 258,204,235
161: 528,1068
162: 733,1037,614,679,61
163: 563,882,869
164: 965,440,971,243
165: 1043,830,795,616,60,546
166: 129,816
167: 615,1006,1031,345,170
168: 102,822,725,790,1061
169: 1064,349,527
170: 120,345,588,167
171: 430,573,379,445
172: 428,577,517
173: 368,893,313
174: 294,281,40,316
175: 253,776,263,437,242
176: 447
177: 98,615,1008,186,43
178: 147,144
179: 580,370,408,317,59,333,1038
180: 191,1036,423,975,543
181: 597,721,278
182: 567,1018
183: 593,355,488,1063,231
184: 780,984
185: 530
186: 476,1045,177,43,68,23
187: 578,922,881
188: 1057,788,63,518,1042
189: 752,156
190: 272,308,949,412
191: 180,1036,423,911,859,599
192: 663,608
193: 255,388
194: 376,569,648,29
195: 707,596,680,646,583
196: 482,291,1013,640,202,751
197: 1033,495,960
198: 298
199: 474,868,640,679,966
200: 952,691,11,1055,271
201: 754
202: 196,482
203: 642,1026,727,731
204: 258,160,235
205: 371,379,980,88,657
206: 74,401,944,743,627
207: 579
208: 637,1058
209: 1062
210: 224,931,424
211: 701,980
212: 230,349
213: 677,786,1001,16
214: 815,1027,423,835,599,151
215: 150,557,36,8,632
216: 983,376,11,952
217: 462,664
218: 9,466,306
219: 998,327,651,950
220: 281,40
221: 1067,360,688
222: 57,38
223: 73
224: 15,931,210,232
225: 33,769,770,424,931
226: 880,826
227: 159,522,480,132,632
228: 316,628
229: 789,676,329,937
230: 212,485,1044,349
231: 667,1023,183,488,1063
232: 25,15,224,931
233: 35,916,741
234: 634,759,240,516,369
235: 204,160,104,453
236: 676,644,674,937
1061: 790,102,168,375
238: 523,574,1065
239: 749
240: 689,516,5,234,634
241: 378,100,762,872,894,267
242: 782,817,175,253
243: 971,365,143,440,1066,164
244: 975,543
245: 979,126,675,1005
246: 555,757,1030,1019,1046
247: 95,271,691,858,731
248: 562,924
249: 936,414
250: 358,820,687
251: 706,598,448,928,1029
252: 621,764,400,862
253: 175,242,33,769
254: 497
255: 193,75,322,774
256: 677,106,879,382
257: 743,395,310,944
258: 204,160,323,486
259: 50,898,124,483,297
260: 261,459,54
261: 811,459,318,260
262: 509,97
263: 437,802,137,175
264: 145,964,711,88,717,460
265: 1000,841,925,463
266: 802,781,84,619,138
267: 894,322,241,718
268: 329
269: 414,996,91
270: 396
271: 247,929,1055,571,200,691
272: 190,457,596,412,1022
273: 70,1,709,980,657
274: 
275: 511,972,429,623
276: 800,703,85,591
277: 683,884,79
278: 958,721,181,560
279: 56,409,661,611
280: 631,411,463
281: 220,384,174,294
282: 132,695
283: 32,722,76,341
284: 669,433,638,128
285: 134,1056,901,331,642,1026
286: 477,779,962,957,401
287: 697,489
288: 7,435,673
289: 973,682,1034,4
290: 974,653,504,629
291: 196,482,89,1013,380
292: 427,819
293: 555,757,59,131
294: 174,281,641
295: 144,992,19,388,147
296: 556,829,761
297: 483,546,649,795,259
298: 671,361,198
299: 1020,1032,439
300: 356
301: 685,397,818,148
302: 714,945,814,721,597
303: 985,337,639
304: 448,812,1028,96,1029
305: 869,17
306: 922,63,218,9,1057
307: 52,364,844,756,624
308: 949,190
309: 67,586,159,522,441
310: 982,860,935,257
311: 525,132,522,586
312: 811,459,418,815
313: 173,34,905
314: 103,142
315: 585
316: 40,228,174
317: 13,59,131,580,179
318: 508,521,261,811
319: 533,536
320: 352,1,660,44
321: 552,1053,629,1021,803,909
322: 75,894,267,255
323: 258,486,384
324: 698,358,687,566
325: 524,102,490,375
326: 744,116,970
327: 363,760,219
328: 129,816,974,653,476,1045,959
329: 268,229,789
330: 973,114,1049,117
331: 983,901,727,952,285,642
332: 342,878,1014
333: 1038,1059,757,59,179,408
334: 112
335: 1060,741,734
336: 987,1071,125,120
337: 303,985,639,740,696,158
338: 534
339: 927
340: 726,134,1056,1025
341: 554,831,283
342: 27,878,332
343: 541,626,1036,859,910
344: 840,847,686,848,694
345: 588,1031,167,170
346: 559,758,961,578
347: 780,447
348: 948,939,377
349: 1012,527,230,212,485,169
350: 478,565,113,779,962
351: 550,990,556
352: 320,745,373,1
353: 742
354: 567,1018,28
355: 593,183,50,641
356: 367,300
357: 612,912
358: 250,687,324
359: 104,426,889,783,370,434
360: 1067,221,688,107,49
361: 55,745,373,298
362: 81,622,18
363: 327
364: 307,986,844
365: 519,243,143,765,428
366: 601,903,470
367: 356,500
368: 173,893
369: 516,234
370: 580,179,408,426,359,783
371: 531,379,205,701,980
372: 588,405
373: 745,361,352,70
374: 954,128,600
375: 492,490,102,1061,325
376: 194,569,11,491,216
377: 939,942,348,977,880
378: 100,241,649,762
379: 531,371,205,171,430
380: 291,89
381: 116,970
382: 879,754,256
383: 786,510,1001
384: 281,323,486
1074: 775
386: 732,592,1017
387: 998,950
388: 19,774,193,992,295
1066: 440,475,976,243,143
390: 976,1035,923,704,1004
391: 37,130,446
392: 932
393: 855,847,840
394: 78,85,813
395: 257,22,935,425,693
396: 1064,270
397: 301,685,528,752
398: 866,139,788,510
399: 124,486,659
400: 252,621,862,680,146,51,1032
401: 74,206,944,957,286,477
402: 715,932
403: 1070,14
404: 824,695
405: 999,372
1075: 109,1011,897,686,694
407: 121,851,594,853
408: 370,179,748,333,1038,783
409: 1025,661,611,279
410: 828,655,809,2,729
411: 561,925,463,280
412: 990,1022,190,272
413: 512,600
414: 269,996,842,936,249
415: 420,807,968,21
416: 142,538,1005,126
417: 536,667,420,807,533,941
418: 35,811,312
419: 728,801
420: 415,807,417,21,941
421: 519,971,469
422: 823,871,887,607,755,605
423: 180,191,543,214,1027,599
424: 225,770,931,210
425: 693,626,22,395,541
426: 104,359,370,875
427: 452,292
428: 172,519,365,772,765,750
429: 64,558,1011,275
430: 171,573,379,717
431: 501,837,921,633
432: 
433: 673,638,284,128,856
434: 568,93,1047,889,359,783
435: 7,288,856,101
436: 41,613,692,895
437: 263,802,781,175,776
438: 84,487,137
439: 299,828
440: 1066,475,164,243
441: 159,309,13
442: 737
443: 814,620
444: 492,993
445: 720,171
446: 548,391
447: 176,347
448: 681,812,304,598,251,1029
449: 777,884,914,648
450: 130,955,753
451: 516,498,490,993
452: 427
453: 86,584,104,889,235
454: 820,687
455: 1010
456: 
457: 707,596,481,272
458: 696,99,52,503,876
459: 261,811,312,260,54
460: 717,264,964,839
461: 794
462: 932,217,664,647
463: 411,925,265,841,631,280
1067: 360,221,30
465: 105
466: 133,218
467: 806,855,847,848
468: 972
469: 914,604,965,971,421
470: 493,654,366,601
471: 711,44,724,145
472: 798
473: 623,730,912
474: 199,966
475: 934,440,1066,960,976
476: 186,1045,328,959,23
477: 286,779,87,401,944
478: 350,565,987,125
479: 525,689,498
480: 159,227,1019,632,555,131
481: 967,707,457
482: 196,291,89,202,705,668
483: 297,546,885,124,259
484: 663
485: 1044,535,230,1012,349
486: 399,258,323,384
487: 84,888,893,438
488: 154,969,183,231
489: 672,287
490: 375,325,451,993
491: 11,517,376
492: 444,375,77
493: 470,33,770,601
494: 
495: 928,960,197,1033
1069: 766
497: 254,62,553,684
498: 451,689,479
499: 45
500: 48,367,746
501: 431,633
502: 992,27,515
503: 624,52,458,876,564
504: 1008,290,653,1045
505: 795,616,643,649
506: 745,509
507: 961,559,92
508: 318,1060,741,521
509: 262,506,97,44
510: 786,383,1001,398,518
511: 275,972,562,623
512: 413,600,610
513: 978,904
514: 1044,535,565,53,87,982
515: 27,502,773
516: 240,451,369,234
517: 491,42,172,577,1055,1016
518: 788,188,510,1001
519: 971,365,421,428
520: 1062
521: 318,508
522: 159,227,132,311,309,586
523: 238,110,103,810,574,723
524: 325,102
525: 311,479,689
526: 670,867,548
527: 1012,349,169
528: 161,752,685,397
529: 618
530: 155,666,185
531: 371,379,699,713
532: 47,147,534
533: 319,536,417,941,126
534: 338,532
535: 485,514,1044,1012,982,860
536: 667,417,1023,533,319
537: 728,801
538: 142,416,1005,114,574,723
539: 
540: 137,825,768
541: 870,343,22,425,626
542: 705,868
543: 975,244,180,423,1027
544: 
545: 786,874,866,736
546: 483,297,165,885,830,795
547: 772,549,1000,750,925
548: 446,572,526
549: 772,765,547,1035,923,1000
550: 351,581
551: 43,113,987
552: 1053,629,321
553: 628,684,497
554: 831,797,341
555: 246,293,757,1019,480,59,131
556: 296,829,351,990
557: 926,652,215,805,36
558: 109,1011,429
559: 346,507,92
560: 95,958,278,858
561: 411,925,750
562: 248,511,623
563: 163,732
564: 876,503,153
565: 350,478,53,514,1044
566: 698,324
567: 354,719,182,1018,617
568: 434,93,1047,748,595,783
569: 194,376,648
570: 736,838,821
571: 1055,1016,908,271,929
572: 37,865,548
573: 171,430,839
574: 723,1049,538,238,523
575: 822,136,155
576: 
577: 750,172,517,1016
578: 187,346
579: 207,1072
580: 370,179,317
581: 592,140,668,550
582: 83,837
583: 655,66,195,596,646,1022
584: 86,453,93,889,41,613
585: 315,81
586: 309,5,311,522
587: 610,792,877
588: 345,372,120,170
589: 1064,916
590: 724,97
591: 988,276,85
592: 581,1017,140,386
593: 355,183,100,1063
594: 851,23,407
595: 45,1003,1009,568,1047
596: 195,707,457,272,1022,583
597: 181,620,302,814,721
598: 706,16,251,448,681
599: 151,191,423,214,1027,911
600: 413,512,374
601: 366,470,493,770
602: 737,771,603
603: 602,771
604: 965,823,887,469,914
605: 607,422,871
606: 1073,1015,158,909,799
607: 157,755,15,605,422
608: 192
609: 794
610: 587,938,512
611: 409,279
612: 357,912,904
613: 41,436,86,584,895,700
614: 14,110,162,1037
615: 98,177,167,1008,1006
616: 795,505,643,60,165
617: 710,567,58
618: 529
619: 84,888,678,138,266
620: 597,443
621: 252,764,400,808,956,827,51
622: 362,94,854,18
623: 473,730,511,275,562
624: 503,52,307,756
625: 692
626: 425,1036,541,343,859
627: 206,743,72
628: 553,684,228
629: 552,321,1021,290
630: 813,892
631: 280,778,463
632: 1019,8,150,215,227,480
633: 930,431,501
634: 861,234,759,240,5
635: 989,665,950,940,1072
636: 676
637: 208
638: 433,673,853,669,121,284
639: 303,337,1073
640: 199,868,679,751,196
641: 50,294,355
642: 203,1026,331,727,1056,285
643: 616,505,60,863
644: 674,870,910,236
645: 806
646: 680,195,583,146
647: 664,462,967
648: 194,569,449,683
649: 297,795,505,762,378
650: 749
651: 665,950,219
652: 926,557,805
653: 290,974,504,1045,328
654: 470,902,817
655: 583,66,809,2,410
656: 
657: 88,273,1,980,660,205
658: 776,769,25
659: 885,700,86,399
660: 711,320,1,88,657
661: 726,409,56,279,71
662: 
663: 192,732,484
664: 647,217,462
665: 651,940,635
666: 155,530,725
667: 231,536,417,1023,969,807
668: 873,482,581,1017,140
669: 853,284,638
670: 526,921,837
671: 10,298,995,55
672: 489,747
673: 433,638,121,288
674: 644,924,236,978,937
675: 900,1039,245,979
676: 236,636,229
677: 256,213,106,786
678: 712,888,619
679: 199,640,162,751,61
680: 862,646,195,400,146
681: 448,812,598
682: 1034,1039,289,973
683: 277,884,648
684: 553,628,62,497
685: 301,397,148,528
686: 848,694,344,1075
687: 250,358,454,324
688: 360,221,49,1040
689: 240,498,479,525
690: 735,733,1037,927,90
691: 200,727,952,247,271,731
692: 625,436,895
693: 425,3,935,395
694: 686,897,344,1075
695: 282,824,404
696: 458,99,158,740,337
697: 287
698: 324,566
699: 713,531,720,768
700: 885,659,830,613,86,1043,895
701: 211,980,371,713
702: 
703: 276,800,135,71,988
704: 390,976,951,1004,934
705: 542,873,482
706: 16,598,251
707: 195,457,596,481
708: 918,890,75,833,774
709: 70,273
710: 617,58,798
711: 471,660,88,145,264
712: 678,893,888
713: 699,825,701,531
714: 302,945,908
715: 402,831
716: 1031
717: 460,88,264,430
718: 1063,267,742
719: 567,28
720: 902,445,699,782,768
721: 958,278,302,945,181,597
722: 32,283,76
723: 574,142,538,103,523
724: 97,590,471,44
725: 822,666,168
726: 661,340,1056,1025,135,71
727: 952,691,331,642,203
728: 537,801,419
729: 2,410
730: 473,623,80
731: 858,953,691,247,203
732: 386,663,563
733: 162,1037,690,61,90
734: 335,741
735: 690,927
736: 106,570,838,874,545
737: 602,442
738: 82,994
739: 790,136,946
740: 985,337,986,696
741: 335,1060,734,233,508
742: 353,1002,718
743: 257,22,206,627,72
744: 116,326,785
745: 373,361,352,506
746: 500
747: 672
748: 1009,1038,408,568,783
749: 650,239
750: 577,772,547,428,561
751: 818,61,640,679,196,1013
752: 528,397,189
753: 450,955
754: 879,382,201,25
755: 157,607,422,823
756: 307,624
757: 246,293,555,1046,59,333,1038,1059
758: 961,346
759: 234,634,57
760: 105,327
761: 296,829
762: 649,378,241,872
763: 
764: 252,621,29,956
765: 772,549,923,365,143,428
766: 1069
767: 805,36,1030,1054
768: 782,699,540,720
769: 33,225,253,658
770: 33,225,493,601,424
771: 602,603
772: 765,547,549,428,750
773: 1039,515
774: 19,388,708,75,255
775: 1074
776: 175,437,658
777: 449,884,887,832
778: 841,631
779: 286,477,962,350,87
780: 347,184
781: 266,437,802
782: 242,768,817,720,902
783: 359,748,370,408,568,434
784: 20
785: 1065,744
786: 545,383,510,1001,677,213
787: 
788: 1057,188,127,139,398,518
789: 229,329
790: 739,822,168,946,1061
791: 796
792: 587,938,877
793: 111
794: 461,609
795: 616,505,165,297,546,649
796: 791
797: 0,76,554
798: 472,710
799: 118,846,909,99,606,913
800: 276,703,135,1026
801: 537,728,419,930
802: 263,266,437,781,137
803: 1021,843,1015,909,321
804: 948,24
805: 36,767,652,557
806: 467,855,6,645
807: 415,420,968,969,667,417
808: 621,827,51
809: 655,410
810: 103,1070,523,110,14
811: 261,459,312,35,318,418
812: 448,681,304,1028
813: 630,78,394
814: 443,302,597
815: 214,1027,312,835
816: 166,129,328,974
817: 242,782,654
818: 751,61,1013,301
819: 31,292
820: 39,250,454
821: 874,570
822: 575,725,136,790,168
823: 422,887,755,604
824: 991,404,695
825: 713,540
826: 226,964,977
827: 1020,51,621,808,901,956,134
828: 963,410,439
829: 296,556,761,990
830: 885,700,1043,895,165,546
831: 554,715,949,341
832: 777,884
833: 708
834: 844
835: 897,214,815,1027,151
836: 
837: 431,921,670,582
838: 106,570,736,879
839: 460,573
840: 344,393,847
841: 778,265,463
842: 123,936,414,996
843: 1021,803,1052,1015
844: 834,307,364
845: 
846: 799,913
847: 393,855,840,344,848,467
848: 686,344,847,467
849: 864,10
850: 79
851: 959,594,407
1065: 785,238
853: 669,121,407,638
854: 94,622
855: 393,847,6,806,467
856: 877,435,433,128
857: 
858: 953,731,95,247,560
859: 911,1024,910,626,191,1036,343
860: 935,535,310,982
861: 634,67
862: 680,79,252,400
863: 643,60
864: 849
865: 37,572
866: 398,874,545
867: 526,0
868: 199,640,966,542
869: 305,163,882
870: 541,644
871: 422,887,605
872: 890,1040,762,241,894
873: 668,32,705
874: 821,866,736,545
875: 82,426
876: 564,913,458,99,503,153
877: 856,101,587,792
878: 27,342,332,1014
879: 382,754,106,838,256
880: 226,977,377
881: 922,63,187,1042
882: 163,869
883: 21,941
884: 449,777,832,277,683
885: 659,700,830,483,546
886: 907
887: 422,823,871,604,777
888: 84,619,487,893,712,678
889: 104,359,434,453,584
890: 708,918,872,1040,75,894
891: 997
892: 630
893: 173,368,712,888,487
894: 75,267,322,241,890,872
895: 1043,41,436,613,692,700,830
1073: 606,1015,639,158
897: 54,835,109,1075,694
898: 50,259,124
899: 133
900: 675,1039,1002,979
901: 983,956,331,827,134,285
902: 720,782,654
903: 366
904: 513,612
905: 34,313
906: 
907: 886
908: 714,945,571,1016,929
909: 118,799,606,1015,803,321
910: 859,1024,343,644
911: 859,1024,191,1036,599
912: 473,612,357
913: 876,118,846,799,153,1018
914: 469,604,449
915: 
916: 233,589
917: 119
918: 708,890,1040,49
919: 
920: 
921: 670,431,837
922: 306,881,63,9,187
923: 390,976,1035,143,765,549
924: 674,978,248
925: 411,561,463,547,265
926: 652,557
927: 339,690,735,90
928: 495,960,251,951,1029,934
929: 95,271,571,945,908,958
930: 633,801,122
931: 224,210,225,232,424
932: 462,392,402
933: 
934: 475,928,960,951,976,704
935: 3,860,310,395,693
936: 39,842,414,249
937: 978,236,674,229
938: 610,792
939: 377,348,948,62
940: 665,635,1072
941: 883,417,420,533
942: 977,377
943: 
944: 206,401,477,257
945: 302,714,908,929,958,721
946: 790,739
947: 111,955
948: 804,62,348,939
949: 308,831,190
950: 651,998,219,387,635
951: 96,1004,1029,928,934,704
952: 200,727,691,983,216,331
953: 858,731
954: 374,128
955: 450,111,947,753
956: 29,983,901,621,764,827
957: 286,401
958: 721,278,945,95,929,560
959: 851,23,476,129,328
960: 495,928,197,1033,934,475
961: 507,758,346
962: 286,779,113,350
963: 828,65
964: 145,264,977,460,826
965: 604,164,971,469
966: 199,474,868
967: 481,647
968: 415,807,969
969: 488,667,807,968
970: 116,326,381
971: 519,243,965,164,469,421
972: 511,275,468
973: 289,330,682
974: 290,653,816,328
975: 244,543,3,180
976: 390,923,704,934,1066,475,143
977: 964,942,377,880,826
978: 513,937,674,924
979: 245,126,1002,900,675
980: 211,701,273,657,371,205
981: 
982: 87,310,514,535,860
983: 29,901,956,216,331,952
984: 24,184,119
985: 303,337,740
986: 52,364,740
987: 336,120,551,478
988: 591,703,71
989: 635,1072
990: 412,351,556,829
991: 824
992: 144,295,388,502
993: 444,490,451
994: 69,738
995: 10,671,55
996: 269,414,123,842,91,46
997: 891
998: 219,1028,950,387
999: 405,1071
1000: 265,1035,547,549
1001: 786,383,510,518,213,16
1002: 742,900,979
1003: 1009,1059,595
1004: 96,951,1029,390,704
1005: 142,538,416,245,126,114
1006: 615,167,1008,1031
1007: 1041
1008: 98,177,615,1006,504,1045
1009: 748,1038,1059,1046,1003,595
1010: 455
1011: 109,558,1075,429,64
1012: 349,527,485,535
1013: 196,291,818,751
1014: 878,332
1015: 606,1073,1052,843,803,909
1016: 1055,571,577,517,908
1017: 592,140,668,89,386
1018: 354,567,182,913,118,153
1019: 8,632,1030,480,246,555,131
1020: 299,827,51,1032,134
1021: 843,803,629,321
1022: 412,272,596,583,66
1023: 231,536,667,1063
1024: 911,859,910
1025: 409,726,340
1026: 642,203,1056,285,800,135
1027: 214,815,543,423,835,599
1028: 998,812,304,96
1029: 96,951,1004,251,448,304,928
1030: 36,767,1019,8,246
1031: 716,345,167,1006
1032: 299,1020,51,400,146
1033: 197,495,960
1034: 682,289
1035: 390,923,549,1000
1036: 180,191,626,343,911,859
1037: 162,733,110,614,690
1038: 748,1009,333,1059,757,179,408
1039: 900,675,773,682
1040: 918,890,872,688,49
1041: 1007
1042: 188,881,63
1043: 895,165,700,830
1044: 485,514,535,230,565
1045: 476,186,504,1008,653,328
1046: 246,757,1009,1059
1047: 568,434,93,45,595
1048: 112
1049: 114,574,330
1052: 1015,843
1053: 552,321,28
1054: 767
1055: 571,1016,42,517,200,271
1056: 285,642,1026,726,340,135
1057: 788,188,127,306
1058: 208
1059: 1009,333,1038,1046,757,1003
1062: 209,520
1063: 718,593,183,231,1023
1064: 396,589,169
1068: 156,161
1070: 403,810
1071: 336,125,999
1072: 579,940,635,989