0: 797,867,83
1: 70,352,320,660,657
2: 410,66,829,809
3: 860,527,535
4: 602,117,330
5: 67,586,240,634
6: 467,855,806
7: 288,435,101,149
8: 767,36,632,293
9: 306,922,218,187
10: 671,849,995
11: 491,376,200,216
12: 
13: 317,480,159,131
14: 403,810
15: 224,232,157,607
16: 598,518,510,852
17: 163,305,156,1017,456,1010
18: 622,362,94
19: 833,774,388,295
20: 784,664
21: 883,415,420
22: 395,425,72,541
23: 959,851,476,68,594
24: 984,119,804
25: 232,658,754
26: 
27: 515,353,502
28: 354
29: 983,621,764,956,901
30: 997,1043,360
31: 819
32: 722,283,873
33: 225,769,253,493,770
34: 905,313
35: 741,233,543,418
36: 805,557,215,632,8
37: 391,572,865
38: 69,222
39: 250,467,645,806,820,936
40: 316,220,174
41: 584,613,889,434,436,93
42: 571,517,200,271
43: 68,551,186
44: 471,509,320,724
45: 568,595,748,93
46: 123,996,80,91
47: 532,147
48: 500
49: 360,688,107
50: 898,641,259
51: 439,299,808,827
52: 307,986,458,503,624
53: 350,478,514,87,779
54: 897,459
55: 745,361,995,671
56: 988,1025,71
57: 759,222
58: 617,77,710
59: 333,757,179,408
60: 625,907,662,643,863
61: 162,733,679
62: 948,939,845,684,497
63: 188,922,518
64: 842,996,109,123,429
65: 611
66: 655,412,990,829,2
67: 309,586,5,861,634,432
68: 43,476,186,23
69: 38,994,857
70: 273,1,373,709
71: 703,661,56,988
72: 627,22,870
73: 223,125,115,1012
74: 206,401,957
75: 322,894,708,890,774,255
76: 797,722,283
77: 946,58,492
78: 85,394
79: 850,277,862
80: 91,133,46,730
81: 362,585
82: 738,875
83: 582,0
84: 888,619,487,266
85: 78,394,800,276,591
86: 453,584,613,700,659
87: 514,53,477,779,982
88: 657,205,660,711,717
89: 702,380
90: 733,690,927,148
91: 80,133,46,269
92: 507,559
93: 436,45,568,434,41
94: 854,622,18
95: 247,271,929,691,958,858
96: 998,304,951,704,923
97: 724,590,262
98: 167,177,504,653
99: 696,158,799,846
100: 593,355
101: 149,435,7,877
102: 168,375,325,524
103: 314,142,723,810,523
104: 426,453,235
105: 559,1001
106: 736,838,786,879,677,256
107: 49
108: 1037
109: 558,972,694,429,64
110: 744,735
111: 947,763,793,955
112: 334,637,555
113: 350,551,962
114: 574,416,538,245
115: 73,223,1012
116: 744,326,339,970,381
117: 4,330,326,785
118: 846,913
119: 917,24,984
120: 588,987
121: 407,853,673,638
122: 930
123: 46,429,64,996
124: 399,259,483,898
125: 73,223
126: 533,536
127: 139,788
128: 374,954,284,433,856
129: 166,816,328,959
130: 450,391
131: 293,480,632,13,317
132: 282,695,311,522
133: 80,91,899,466
134: 901,285,726,340
135: 276,703,203,285,726
136: 564,575,822
137: 540,915,438,263,802
138: 406,619,266
139: 866,127,398,788
140: 386,592,380
141: 796,499,1038
142: 538,103,314
143: 976,475,934,440,365
144: 295,992,147,178,502
145: 264,964,471,711
146: 680,400,808
147: 47,532,144,295,178
148: 90,301,685
149: 101,7,636
150: 282,215
151: 911,972
152: 272,949
153: 182,913
154: 488,919
155: 530,666,575
156: 1017,189,17,163
157: 607,755,15
158: 799,803,337,639,99
159: 227,441,522,13
160: 235,258,204
161: 189,528
162: 61,614,733,274,679
163: 17,305,189,156
164: 965,971,243
165: 895,643,616,505
166: 129
167: 98
168: 102,822,725,790
169: 349,527,212,693
170: 345
171: 430,573,379,445
172: 577,517
173: 368,313,893
174: 294,281,40,316
175: 253,776,263,437,242
176: 447
177: 98,186
178: 342,502,147,144
179: 408,580,370,59
180: 191,423,626,975
181: 1026,721,278,892
182: 153,913,567,617
183: 718,593,488,231,667
184: 780,984
185: 530
186: 476,177,43,68
187: 881,9,922
188: 788,518,63
189: 161,752,156,163
190: 272,308,949
191: 180,423,626,599,859
192: 663,608
193: 255,388
194: 376,569,648
195: 707,596,583,646
196: 482,202,640,751
197: 495
198: 298
199: 474,868,966,274,640,679
200: 216,11,42,271,691
201: 754
202: 705,640,196,482
203: 642,285,727,800,731,276,135
204: 258,160,235
205: 88,657,980,371,379
206: 74,401,944,743,627
207: 940,1029,579
208: 1046,529,544
209: 520
210: 424,224,931
211: 701,709,980
212: 396,169,349
213: 786,510,383,677
214: 599,835,815,423
215: 632,150,36,557
216: 200,952,331,11,983
217: 462,664
218: 466,9,306
219: 812,998,251
220: 281,494,40
221: 505,643,360
222: 57,38
223: 73,125,115,999
224: 15,931,232,210
225: 33,769,424,770,931
226: 880
227: 159,522,480
228: 316,628,906
229: 789,676,329,937
230: 565,485
231: 667,183,319
232: 25,15,224,931
233: 35,741,734,589,543
234: 634,759,240,516,369
235: 453,104,160,204
236: 676,674,937
237: 828,439
238: 574,723,523
239: 608,650
240: 689,516,5,234,634
241: 894,872,890
242: 782,175,253,817
243: 519,971,896,440,164,365
244: 693,543
245: 416,979,114
246: 637,555,757
247: 95,691,727,858,731
248: 924
249: 414
250: 358,39,687,645
251: 219,951
252: 621,764,862,400
253: 175,242,33,769
254: 497,845
255: 193,75,322,774
256: 677,106,879,382
257: 310,944,743
258: 204,160
259: 483,124,50,898
260: 261,840
261: 318,459,260
262: 509,97
263: 437,802,137,175
264: 145,964,711,717,460
265: 463,547,841,461,794
266: 802,84,138,781
267: 322,894,718
268: 329
269: 414,91
270: 1036,396
271: 95,929,691,42,571,200
272: 152,190,457,596,412
273: 70,709,980,657
274: 199,474,162,679
275: 429
276: 591,703,135,203,800,85
277: 683,884,79
278: 958,721,181,560,630,892
279: 409,661
280: 411,561,714,814
281: 220,384,943,174,294
282: 132,695,150
283: 32,722,76,341
284: 669,433,638,128
285: 642,203,134,726,135
286: 477,779,401,957,962
287: 697,489
288: 7,435,673
289: 496,442
290: 653,974,504,629,552
291: 380,818
292: 427,819
293: 131,632,8
294: 174,943,281
295: 144,388,992,19,147
296: 556,829
297: 483,546,795
298: 671,361,198
299: 409,439,51,827,340
300: 356
301: 685,148
302: 714,945,597,721
303: 337,985,1015,639,606
304: 96,998,950,923,387
305: 17,163,787,869,456
306: 9,922,218
307: 52,364,844,756,624
308: 949,190,351
309: 67,586,441,522
310: 257,982,860,935
311: 132,522,586
312: 459,811,835
313: 173,34,905
314: 103,142
315: 585
316: 40,228,174
317: 13,131,580
318: 261,811,521
319: 417,533,231,536,742
320: 352,1,660,44
321: 909,552
322: 75,267,894,255
323: 486,384
324: 566,358,687,698
325: 490,524,102,375
326: 116,744,785,117,970
327: 665,651,812,635
328: 974,476,129,816,959
329: 268,229,789
330: 4,117,785
331: 216,952,983,642
332: 1002,342,1023
333: 59,757,464,408,595,748
334: 112,1030
335: 734,741,508
336: 987,565
337: 985,303,639,696,740,158
338: 534,1007
339: 735,927,116,381
340: 726,827,134,299
341: 797,283
342: 178,502,332,1002
343: 541,425,626,910
344: 848,694,847
345: 588,170
346: 559,578,507,961
347: 780,447
348: 942,948,939,377
349: 169,527,212,485
350: 53,113,478,779,962
351: 550,308
352: 320,745,373,1
353: 773,992,502,27
354: 567,719,28
355: 593,641,100
356: 367,300
357: 912,612
358: 250,687,324
359: 889,783,370,426
360: 49,688,221,30
361: 55,745,373,671,298
362: 81,622,18
363: 681,812
364: 307,986,844
365: 440,143,519,243
366: 601,903,385,470
367: 356,500
368: 173,893
369: 516,234
370: 179,580,359,783,426
371: 531,379,701,980,205
372: 588,1008,1006,405
373: 745,361,352,70
374: 954,128,600
375: 102,325,492
376: 194,569,11,491
377: 939,942,348,977,880
378: 649
379: 531,371,205,171,430
380: 291,397,140,89
381: 116,339,970
382: 879,754,256
383: 510,786,213
384: 281,323,486,943
385: 470,366
386: 140,732,592
387: 390,304,950
388: 295,992,19,193
389: 843,775,1021,1031,606
390: 387,461,923,549
391: 37,130,446
392: 932
393: 847,855,1024,840
394: 78,85,800,731,953
395: 22,425,935
396: 1036,270,916,212,693
397: 380,818,752
398: 788,866,139
399: 124,486
400: 956,808,680,252,621,146
401: 286,957,944,74,206
402: 715,932,481,967
403: 14
404: 824,695
405: 999,1006,372
406: 138,619
407: 121,594,853
408: 179,59,333,748,783
409: 439,299,279
410: 2,809,963
411: 561,750,925,463,280
412: 990,272,66
413: 512,600
414: 269,996,249
415: 420,968,419,21
416: 979,538,245,114
417: 533,319,420,807,941
418: 35,811
419: 415,728,801
420: 415,807,417,21,941
421: 971,469
422: 823,871,887,607,755,605
423: 180,191,815,214,599
424: 770,210,225,931
425: 22,395,626,541,343
426: 104,370,359
427: 452,292
428: 519
429: 123,109,558,275,64
430: 171,573,379,717
431: 501,837,921,633
432: 67,861,994
433: 435,673,638,284,128,856
434: 889,783,568,93,41
435: 433,7,288,856,101
436: 93,41
437: 263,802,781,175,776
438: 915,487,137
439: 409,299,51,237
440: 896,143,475,243,365
441: 159,309
442: 496,289,737
443: 620,814,631,1016
444: 492,993
445: 720,171
446: 548,391
447: 176,347
448: 852,598,681
449: 777,884,914,648
450: 130,955,753
451: 516,490,498,993
452: 427
453: 86,235,104,584
454: 820,687
455: 761
456: 17,305,787
457: 707,596,481,272
458: 696,740,52,986,503,876
459: 261,811,312,54
460: 717,264,826,839
461: 390,989,265,794
462: 932,217,664,647
463: 265,547,841,411,778
464: 529,333,618,595
465: 1042,665,940
466: 133,218
467: 6,686,806,936,39
468: 911
469: 914,965,421
470: 493,654,385,366
471: 711,44,724,145
472: 798
473: 623,730,912
474: 199,966,274
475: 143,934,960,440
476: 186,328,68,959,23
477: 286,779,944,87
478: 53,350,565
479: 498,525,689
480: 632,227,131,13
481: 967,402,707,457
482: 196,202,668
483: 259,297,885,124
484: 663,608
485: 514,230,349
486: 399,943,323,384
487: 438,893,84,888
488: 154,183,969,667
489: 672,287
490: 325,498,451,993
491: 11,376
492: 444,77,375
493: 470,33,601,770
494: 220
495: 928,197
496: 878,442,973,682,289
497: 254,62,845,553,684
498: 490,479,451,689
499: 618,544,1041,141
500: 48,367,746
501: 431,633
502: 178,342,144,992,353,27
503: 564,624,52,458,876
504: 615,629,98,290,653
505: 616,221,165,643
506: 509,745
507: 961,346,92
508: 335,741
509: 262,506,44
510: 518,383,16,213
511: 562,623
512: 413,600,610
513: 978,904
514: 485,87,53,535,982
515: 27,675,682
516: 240,451,369,234
517: 42,571,172
518: 510,188,16,63
519: 971,243,365,428
520: 209
521: 318
522: 159,227,132,311,309
523: 810,103,723,238
524: 325,102
525: 479,689
526: 670,867,697,548
527: 169,349,535,3
528: 161,685,752
529: 464,544,208,618
530: 155,185,666
531: 371,379,699,713
532: 47,147,534
533: 126,417,319,941
534: 338,833,532
535: 527,514,982,3,860
536: 742,126,319
537: 728,801
538: 142,416,114,723
539: 697
540: 137,915,825,768
541: 870,343,22,425
542: 705,868
543: 244,693,916,589,35,233
544: 529,208,1046,1041,499,618
545: 786,874,866,736
546: 885,297
547: 265,463,925
548: 446,572,526
549: 765,923,390
550: 351
551: 987,43,113
552: 321,290
553: 628,684,497
554: 831,797
555: 637,246,112,767
556: 296,990
557: 805,36,926,652,215
558: 109,972,429
559: 346,578,92,105
560: 953,630,958,278,858
561: 411,750,577,280,714,908
562: 511,623
563: 882
564: 503,624,136
565: 230,336,478
566: 324,698
567: 354,719,182,913,617
568: 45,748,434,783,93
569: 194,376
570: 736,838,821
571: 42,517,945,271,929
572: 37,548,865
573: 171,430,839,763
574: 114,723,238
575: 822,155,136
576: 611
577: 172,561,750,908
578: 346,559
579: 989,207
580: 179,370,317
581: 592,668
582: 83,837
583: 655,195,596,646
584: 41,613,889,86,453
585: 315,81
586: 67,309,5,311
587: 610,877,792
588: 345,372,120
589: 734,1027,1036,916,543,233
590: 724,97
591: 276,703,85,988,1025
592: 581,668,140,386
593: 355,100,183,718
594: 851,23,407
595: 45,748,464,333,618
596: 195,707,457,272,583
597: 620,814,302,714
598: 16,681,448,852
599: 214,191,423,859,911
600: 413,512,374
601: 366,493,770
602: 4,737,771,603
603: 1034,602,771
604: 823,887,914
605: 607,422,871
606: 639,1052,1021,303,389
607: 157,755,15,605,422
608: 192,484,239
609: 794,1035,1004,841,981
610: 587,512,792,938
611: 1020,65,576
612: 904,912,357
613: 41,584,86,700
614: 162,733,690
615: 504,629
616: 505,895,165,830
617: 58,182,567,710
618: 499,464,529,544,595
619: 84,888,678,138,406
620: 443,597,1026
621: 252,764,29,956,400
622: 362,94,854,18
623: 473,730,562,511
624: 503,564,52,307,756
625: 692,886,60
626: 180,191,425,343
627: 743,206,72
628: 553,906,228
629: 504,615,290
630: 953,560,278,892
631: 778,1000,443,814,1016
632: 215,480,36,8,131,293
633: 930,431,501
634: 861,234,759,240,67,5
635: 950,327,665,651
636: 676,149
637: 555,246,112
638: 433,673,853,669,121,284
639: 606,1052,337,303,158,803
640: 679,751,199,868,202,196
641: 50,355
642: 203,285,727,952,331
643: 863,60,165,221,505
644: 674,870
645: 1011,806,250,39
646: 195,680,583
647: 664,462,967
648: 194,449,683
649: 762,872,795,378
650: 749,239
651: 327,812,998,635,950
652: 926,805,557
653: 290,974,504,98
654: 902,470,817
655: 583,66
656: 919
657: 88,205,273,1,980,660
658: 776,769,25
659: 885,86,700
660: 711,320,1,88,657
661: 71,279
662: 1047,891,907,60,863
663: 732,192,484
664: 647,217,20,462
665: 327,760,465,635
666: 155,530,725
667: 231,969,488,183
668: 581,592,482
669: 853,284,638
670: 526,921,837
671: 10,298,995,55,361
672: 489,747
673: 433,638,121,288
674: 644,924,236,978,937
675: 515,773
676: 236,636,229
677: 256,106,786,213
678: 712,888,619
679: 640,274,199,61,162
680: 146,646,400
681: 363,598,448
682: 973,515,878,496
683: 277,884,648
684: 553,906,62,497
685: 301,148,528
686: 467,848,842,936
687: 250,358,324,454
688: 49,360,762
689: 240,479,498,525
690: 90,614,733,927
691: 95,247,271,200,952,727
692: 625,791
693: 244,543,396,916,169
694: 897,109,972,344
695: 132,282,824,404
696: 458,99,740,337
697: 287,539,526
698: 324,566
699: 713,531,720
700: 613,86,659
701: 211,371,713
702: 89
703: 276,591,135,71,988
704: 765,923,951,96,976,934
705: 202,542,873
706: 852,928
707: 195,457,596,481
708: 890,75,833,774
709: 211,70,273
710: 58,617,798
711: 471,660,88,145,264
712: 893,678,789,888
713: 699,825,701,531
714: 302,908,945,561,280,597
715: 402,831
716: 1045
717: 460,88,264,430
718: 183,593,267
719: 354,567
720: 902,445,699,768
721: 958,278,302,1026,181
722: 32,283,76
723: 574,238,538,103,523
724: 97,590,471,44
725: 822,666,168
726: 340,134,285,135
727: 642,203,952,247,691,731
728: 537,801,419
729: 761
730: 473,623,80
731: 800,247,203,727,394
732: 386,663
733: 61,90,162,614,690
734: 1027,589,335,741,233
735: 339,927,110,744
736: 106,570,838,874,545
737: 1039,442,602,771
738: 82,994,857
739: 790,946
740: 458,696,337,985,986
741: 35,233,734,335,508
742: 536,319
743: 627,944,257,206
744: 116,326,785,110,735
745: 55,373,361,506,352
746: 1019,500
747: 672
748: 45,568,595,333,408,783
749: 650
750: 411,561,772,925,577
751: 640,196
752: 397,189,528
753: 450,955
754: 879,382,201,25
755: 157,607,422,823
756: 307,624
757: 59,333,246
758: 961
759: 234,634,57
760: 665
761: 729,455
762: 649,872,795,688
763: 111,947,573,839
764: 252,621,29
765: 704,549,976
766: 1014
767: 8,805,555
768: 782,540,720
769: 33,225,253,658
770: 424,493,33,225,601
771: 737,1039,602,603
772: 925,750
773: 353,900,675
774: 19,833,708,75,255
775: 389,1031,1045
776: 175,437,658
777: 449,884,887,832
778: 631,463,841,981
779: 286,477,962,53,350,87
780: 347,184
781: 266,437,802
782: 242,768,817
783: 359,434,408,370,568,748
784: 20
785: 744,326,330,117
786: 545,106,383,677,213
787: 869,1022,305,456
788: 398,188,127,139
789: 229,329,712
790: 739,822,168,946
791: 796,692
792: 938,877,587,610
793: 111
794: 609,1004,461,989,265,841
795: 297,649,762
796: 141,791,1038,886
797: 0,76,554,341
798: 472,710
799: 909,158,803,99,846
800: 731,203,276,85,394
801: 537,728,419,930
802: 263,266,437,137,781
803: 909,158,799,639,1052,843
804: 948,24
805: 36,557,652,767
806: 1011,645,6,467,39
807: 420,968,969,417
808: 956,400,827,146,51
809: 2,410
810: 523,103,14
811: 318,459,418,312
812: 219,363,327,651
813: 953,394
814: 443,597,280,631
815: 975,423,214
816: 129,328,974
817: 242,782,654
818: 291,397
819: 31,292
820: 936,39,454
821: 874,570
822: 575,725,136,790,168
823: 422,887,755,604
824: 991,404,695
825: 713,915,540
826: 964,977,460
827: 956,808,299,51,340
828: 963,237
829: 296,990,66,2
830: 895,616
831: 554,715,949
832: 777,884
833: 19,774,708,534
834: 844
835: 214,312,897
836: 
837: 431,921,670,582
838: 106,570,736,879
839: 460,573,763
840: 260,393,847
841: 265,463,609,794,778,981
842: 64,686
843: 389,1052,803
844: 834,307,364
845: 939,62,497,254
846: 118,99,799
847: 393,855,840,344,848
848: 344,847,686
849: 864,10
850: 79
851: 959,23,594
852: 448,16,598,706
853: 669,121,407,638
854: 94,622
855: 393,847,1024,6
856: 877,435,433,128
857: 69,738
858: 95,247,958,953,560
859: 910,191,599,911
860: 3,935,535,310,982
861: 634,67,432
862: 79,252
863: 643,60,891,662
864: 849
865: 37,572
866: 139,874,398,545
867: 526,0
868: 199,966,542,640
869: 787,882,1022,305
870: 541,72,644
871: 422,887,605
872: 649,762,918,241
873: 32,705
874: 821,866,736,545
875: 82
876: 458,503
877: 856,101,587,792
878: 496,682
879: 382,754,106,838,256
880: 226,977,939,377
881: 187,922
882: 869,1022,563
883: 21
884: 449,777,832,277,683
885: 659,546,483
886: 625,1038,1048,796,907
887: 422,823,871,604,777
888: 84,619,712,893,678,487
889: 359,434,41,584
890: 708,918,75,241,894
891: 1047,662,863,997
892: 278,181,630
893: 712,173,368,487,888
894: 75,241,267,322,890
895: 165,830,616
896: 440,243
897: 54,694,835,972
898: 50,124,943,259
899: 133
900: 773
901: 134,29,983,956
902: 720,654
903: 366
904: 612,513
905: 34,313
906: 628,684,228
907: 886,60,662
908: 714,945,577,561
909: 799,803,321
910: 859,343
911: 151,468,599,859
912: 473,612,357
913: 153,182,118,567
914: 469,604,449
915: 438,825,137,540
916: 1036,396,589,693,543
917: 119
918: 890,872
919: 656,154,969
920: 
921: 670,431,837
922: 9,306,187,881,63
923: 704,549,96,304,390
924: 674,978,248
925: 772,547,411,750
926: 652,557
927: 339,735,690,90
928: 495,706,960
929: 95,271,571,945,958
930: 633,801,122
931: 224,225,232,424,210
932: 462,392,402
933: 
934: 143,976,475,960,951,704
935: 860,310,395
936: 820,467,686,39
937: 978,236,674,229
938: 792,610
939: 377,845,348,948,62,880
940: 207,465,1042,1029
941: 420,417,533
942: 348,977,377
943: 486,281,384,898,294
944: 477,401,257,206,743
945: 302,714,908,571,929
946: 77,739,790
947: 111,763
948: 804,62,348,939
949: 308,831,152,190
950: 635,651,998,304,387
951: 960,96,251,934,704
952: 216,331,691,642,727
953: 560,630,858,394
954: 374,128
955: 450,111,753
956: 400,808,827,621,29,901
957: 286,401,74
958: 721,278,95,929,858,560
959: 851,23,328,476,129
960: 951,928,475,934
961: 507,758,346
962: 286,779,113,350
963: 410,828
964: 145,264,977,826
965: 164,971,469
966: 199,474,868
967: 481,647,402
968: 415,807
969: 667,488,919,807
970: 116,326,381
971: 519,243,965,164,421
972: 109,558,897,694,151
973: 682,496
974: 290,653,328,816
975: 815,180
976: 143,934,704,765
977: 964,942,377,880,826
978: 513,937,674,924
979: 416,245
980: 211,273,657,205,371
981: 1000,841,609,1035,778
982: 310,514,87,535,860
983: 29,216,331,901
984: 24,184,119
985: 337,303,740
986: 52,364,458,740
987: 336,120,551
988: 56,1025,71,591,703
989: 579,461,794,1004
990: 412,66,556,829
991: 824
992: 144,388,295,353,502
993: 490,444,451
994: 69,432,738
995: 10,671,55
996: 64,46,123,414
997: 30,1043,891
998: 96,304,219,651,950
999: 405,1044,223
1000: 981,631,1016
1001: 105,1033
1002: 332,342
1003: 1041,1009
1004: 609,794,1035,989,1028
1005: 1023
1006: 1044,1008,372,405
1007: 1040,338
1008: 1006,372
1009: 1038,1048,1003,1041
1010: 1017,17
1011: 645,806
1012: 115,73
1013: 1017
1014: 766,1049
1015: 303
1016: 631,1000,443
1017: 156,1013,17,1010
1018: 
1019: 746
1020: 611
1021: 1031,606,389
1022: 787,869,882,1032
1023: 332,1005
1024: 393,855
1025: 56,988,591
1026: 181,620,721
1027: 734,589,1036
1028: 1004
1029: 1042,207,940
1030: 334
1031: 1021,1045,389,775
1032: 1022,650
1033: 1001
1034: 603
1035: 609,1004,981
1036: 270,396,916,1027,589
1037: 1049,108
1038: 1009,1048,141,796,886
1039: 737,771
1040: 1043,1007
1041: 1003,1046,544,499,1009
1042: 465,940,1029
1043: 30,997,1040
1044: 1006,999
1045: 716,1031,775
1046: 208,544,1041
1047: 891,662
1048: 1009,1038,886
1049: 1037,1014
1052: 639,606,843,803