0: 797,76,867,83
1: 70,273,352,320,660,657
2: 729,655,410
3: 860,935,975,693
4: 117,289
5: 634,586,240,67,309
6: 855,806
7: 288,627,435,101
8: 150,215,36,632
9: 218,922,306
10: 671,849,995
11: 517,200,216,952,331
12: 
13: 309,131,1019,441,59
14: 403,1070,1037,810,614,1049
15: 224,232,157
16: 518,510,213,1028,251
17: 305
18: 622,362,94
19: 774,388,708,1040
20: 784
21: 122,883,420,419
22: 743,257,395,425,626,541
23: 959,851,186,594,68
24: 984,119
25: 232,658,754
26: 
27: 878
28: 552,1053,719
29: 194,216,764,956,983
30: 1067
31: 819
32: 722,283,1017
33: 225,769,770,253,493
34: 905,313
35: 233,1077,418,811
36: 1048,215,8
37: 391,572,865
38: 69,222
39: 820,936
40: 220,174,316
41: 436,692,1047
42: 1055
43: 1008,177,615,113,551
44: 471,509,320,724
45: 499,595,791
46: 80,91,429,64,123,996
47: 532,147
48: 926
49: 107,918,688,360
50: 898,641,259,355
51: 1020,400
52: 986,364,458,307,503,624
1068: 156,161
54: 897,459,260
55: 361,995,671
56: 988,1010
57: 759,222
58: 77,1018,710
59: 441,179,317,13,333,1019
60: 863,616,165
61: 818,751,679,733,162
62: 948,939,684,497
63: 922,306,188,881
64: 429,123,46
65: 963
66: 583
67: 309,861,634,5,441
68: 594,962,186,1008,23
69: 38,994,738
70: 273,1,709,373
71: 703,726,1010,661,988
72: 541,743,627
73: 115,223
74: 206,401,957,627
75: 890,708,894,255,774,1039
76: 797,0,83,722,283
77: 58,946,492
78: 85,394,813
79: 680,862,277,850
80: 91,133,46,429,1011
81: 362,585
82: 738,580,370,875
83: 582,0,76
84: 888,619,438,487,266
85: 78,394,276,591
86: 453,584,700,1043,659
87: 310,982,477,565,1044
88: 657,660,711,205,717
89: 1076,380
90: 148,733,927
91: 80,133,46,269,996
92: 507,559
93: 584,434,359,889
94: 854,622,18
95: 247,929,958,858,560
96: 304
97: 
1064: 396,169,589
99: 158,696,458,606,1015
100: 378,241,593,267
101: 435,7,877
102: 168,524,1061,325,375
103: 314,810,142,723,523
104: 875,426,889,235,160
105: 760,465
106: 879,736,838,786,677,256
107: 49,1082,360
108: 
109: 1075,897,835,151
110: 614,1049,162
111: 947,793,955
112: 1041,1054
113: 350,43,1008,962,779,565
114: 574,538,330
115: 73
116: 744,326,970,381
117: 4,330
118: 799,909,1021,321
119: 917,24,984
120: 999,588,1031,336,170
121: 407,957,853,673,638
122: 21,930
123: 842,64,46,996
124: 898,259,1043,885,399,483
125: 336,987,478,485
126: 533,245,979
127: 899,466,1057,788
128: 374,954,433,856
129: 328,816,1045,959,166
130: 450,391
131: 159,1030,480,309,13,1019
132: 282,227,695,311,522
133: 80,91,899,466
134: 299,827,285,340
135: 800,703,1056,726
136: 
137: 540,438,263,802
138: 821,1001,619,266
139: 730,357,899,1042
140: 592,581
1060: 335,741,508
142: 538,723,416,103,314
143: 365,923,1066,243
144: 295,1014,147,178,342
145: 264,964,471,711
146: 1080,680,195,1032
147: 47,532,144,295,178
148: 90,301,685
149: 
150: 215,8,282,632
151: 599,558,214,835,109
152: 949,831,272
153: 1018,876,913,564
154: 231,641,488
155: 666,530,575
156: 1068,189
157: 607,755,15,1033
158: 696,99,337,639,1073,606
159: 131,480,227,586,522,309
160: 235,104,258
161: 528,1068
162: 733,110,679,61
163: 563,882,869
164: 965,243,440,1033,823
165: 795,616,613,60,546
166: 129,816
167: 
168: 102,822,725,790,1061
169: 1064,527,1012
170: 336,987,120,615,1006,1031
171: 430,573,379,445
172: 1016,428,577,772,1055
173: 368,893,313
174: 294,488,281,40,316
175: 253,776,263,437,242
176: 
177: 43,1008,615,1006
178: 147,144,342
179: 317,59,333,994,738,580,408
180: 191,423,975,543,693
181: 597,721,278
1081: 332
183: 593,355,231,1063
184: 780,984
185: 530
186: 1079,476,1008,23,68
187: 578,881,922
188: 788,1057,306,63
189: 528,156
190: 272,308,949,412
191: 180,859,1027
192: 663,608
193: 502,1034,388,515,992
194: 376,216,29,569,648,764
195: 1032,457,596,707,146
196: 705,542,873,1013
1059: 
198: 298
199: 679,640,1013
200: 11,1055,952,271,691
201: 879,754
1078: 325,498,524
203: 642,727,731,800
204: 235,453,258,486,659
205: 371,379,980,88,657
206: 74,401,944,743,627
207: 579
208: 637,1058
209: 1062
210: 224,931,424
211: 701,980
212: 349,223,230
213: 677,16,706,1028,251
214: 835,599,151
215: 150,8,557,36
216: 194,376,29,11,983,331
217: 462,664
218: 9,466,1057,306
219: 998,327,651
220: 281,384,40
221: 688,360,643,1067
222: 57,38
223: 73,230,212
224: 15,931,210,232
225: 33,769,770,424,931
226: 880,826
227: 132,522,159,480,632
228: 1023,316,628,906
229: 789,676,329,937
230: 223,212
231: 154,183,667
232: 25,15,224,931
233: 35,916,1077,589
234: 634,759,240,516,369
235: 204,160,889,104,453
236: 676,870,644,674,937
1061: 790,102,168,375
238: 690,735,1065
239: 749
240: 689,516,234,634,5
241: 378,100,872,894,267
242: 782,817,175,253
243: 971,965,164,440,1066,143,365,923
244: 975,543
245: 979,126,675
246: 757,767,1048
247: 95,691,727,858,731
248: 612,357,1024,912,904
249: 454,936,414
250: 358,820,687
251: 706,1028,16,213
252: 1020,862,621,1080,400
253: 175,242,33,769
254: 497
255: 322,894,75,1039
256: 677,879,382,106
257: 743,22,395,310,944
258: 323,204,160,486
259: 50,898,124,483,297
260: 261,459,54
261: 811,459,318,260
262: 509
263: 437,802,137,175
264: 145,964,711,717,460
265: 841,925,463
266: 802,781,84,619,138
267: 322,100,241,593,718
268: 676,329
269: 414,996,91
270: 396
271: 929,691,200,571
272: 190,831,949,152
273: 70,1,709,980,657
1080: 146,400,680,862,252
275: 972,511,623
276: 800,703,85,591
277: 79,862,884,683
278: 958,721,181,560
279: 661,409,611
280: 631,411,814
281: 220,384,174,294
282: 132,991,695,150
283: 32,722,797,76,341
284: 669,433,638
285: 827,1056,901,134
286: 779,962,957,401
287: 697,489
288: 7,627,435,673
289: 973,682,4
290: 629,653
291: 1076,380
292: 427,819
293: 757,1046
294: 174,281,898,641
295: 144,992,1014,147
296: 761,829,556
297: 483,546,795,259,1083
298: 671,361,198
299: 134,1025
300: 356
301: 685,397,818,148
302: 714,945,814,721,597
303: 985,337,639
304: 96,951
305: 869,17
306: 922,63,1057,218,9,188
307: 844,52,364,756,624
308: 949,190,550
309: 67,13,586,159,131,5
310: 87,982,860,935,257,395
311: 525,522,695,404,132
312: 811,459,418,815
313: 173,34,905
314: 103,810,416,883,142
315: 585
316: 1023,228,40,174,488
317: 179,59,333
318: 508,521,261,811
1070: 403,14,810
320: 352,1,660,44
321: 1053,118,1021,552
322: 894,267,255,718,1039,353
323: 258,486,384
324: 698,358,687,566
325: 1078,102,490,375
326: 744,116,970
327: 363,760,219
328: 129,816,1045,476,959
329: 268,229,789
330: 973,114,117
331: 1026,952,216,11,983
332: 1081
333: 555,1019,179,317,59,1038,408
334: 652
335: 1060,741,734
336: 987,170,120,1071,125
337: 303,985,740,639,158,696
338: 534,1040,1082
339: 927
340: 134
341: 949,554,831,283
342: 144,1014,178
343: 1036,910,644
344: 686,848,840,694,847
345: 372,588
346: 559,758,961,578
347: 780,447
348: 948,939,377
349: 212,1012
350: 478,113,551,565,1044
351: 550,581,990,556
352: 320,745,373,1
353: 742,322,718,1039,515
1063: 718,593,183,1002
355: 593,183,50,641
356: 367,300
357: 612,248,912,139,1042
358: 250,687,324
359: 783,889,748,434,93
360: 688,221,1067,107,49
361: 55,745,373,298
362: 81,622,18
363: 327
364: 52,986,844,307
365: 143,549,923,1066,971,243,519
366: 601,903,470
367: 356,500
368: 173,893
369: 516,234
370: 82,580,408,1009,875,426
371: 531,379,205,701,980
372: 345,405,588
373: 745,361,352,70
374: 954,128,600
375: 492,490,102,1061,325
376: 194,216,569,491,517
377: 939,942,348,977,880
378: 100,241,1083,762,872
379: 531,371,205,171,430
380: 291,1076,89
381: 116,970
382: 879,754,256
1077: 35,233,741
384: 220,281,323,399,486
1074: 775
386: 732,592
387: 998,950
388: 19,774,992,193
1066: 976,934,440,243,143,365,923
390: 704
391: 37,130,446
392: 932,715
393: 855,847,840
394: 78,85,813
395: 257,22,310,935,425
396: 1064,270
397: 301,685,528
398: 866,1042
399: 885,486,659,384,124
400: 1080,252,1020,51
401: 74,206,944,286,477
402: 932,462,1022,967
403: 1070,14,474,1037
404: 824,695,311
405: 999,588,372
1075: 109,694,686
407: 121,957,851,594,853
408: 580,370,333,179,1009,1038
409: 611,279,661
410: 828,655,809,2,729
411: 561,925,463,280
412: 990,190
413: 512,600
414: 269,996,842,936,249
415: 419,968,420,807,1005
416: 941,883,142,314
417: 807,1005,667,536
418: 35,811,312
419: 415,728,801,21
420: 807,1005,415,941,21
421: 469,971,1016,519,491
422: 823,887,607,755,605,871
423: 180,543
424: 225,770,931,210
425: 693,626,22,395
426: 875,104,1009,370,783
427: 452,292
428: 1016,172,765,1000,772
429: 64,80,46
430: 171,573,379,717
431: 501,837,921,633
432: 441,994
433: 673,638,284,128,856
434: 568,359,748,93
435: 7,288,856,101
436: 791,41,692
437: 263,802,781,175,776
438: 487,84,137
439: 828,809,1025
440: 475,1033,934,1066,164,243
441: 432,59,67,13,861,994
442: 737
443: 814,620
444: 492,993
445: 720,171
446: 548,391
447: 347
448: 812,598,681,1028
449: 777,884,914,648
450: 130,955,753
451: 516,498,490,993
452: 427
453: 86,584,889,235,204
454: 249,820,687
455: 
456: 
457: 195,596,481,707
458: 52,986,696,99,503,1015
459: 261,811,312,260,54
460: 717,839,264
461: 794
462: 932,402,217,664,647
463: 411,925,265,841,631
1067: 30,360,221
465: 105
466: 127,1057,133,218
467: 806,855,847,848
1079: 186,476
469: 914,421,604,971,965
470: 493,654,366,601
471: 711,44,724,145
472: 798
473: 623,1011,912,562,730
474: 403,1037,501,966
475: 440,1033,960,934,1029
476: 1079,186,328,959
477: 779,565,1044,87,401,944
478: 350,551,987,125,485
479: 498,525,689
480: 159,1030,131,632,227
481: 967,707,457
482: 705,1076
483: 297,546,1043,259,124
484: 663
485: 514,125,478
486: 399,659,204,323,258,384
487: 438,893,84,888
488: 174,1023,316,154
489: 672,287
490: 375,993,325,451
491: 1016,421,569,376,517
492: 444,375,77
493: 470,33,770,601
494: 
495: 706,928
1069: 766
497: 254,62,553,684
498: 1078,479,451,689
499: 45
500: 367,746
501: 431,633,474
502: 193,992,1014
503: 624,52,458,876,1015
504: 653
505: 762,643,795,616,649
506: 745,509
507: 961,559,92
508: 318,1060,741,521
509: 262,506,44
510: 518,16
511: 972,275,562,623
512: 413,600,610
513: 978,1024,904
514: 485,1044,982
515: 1039,353,1034,193
516: 240,451,369,234
517: 11,491,376
518: 16,598,510,1028
519: 1016,971,365,421
520: 666,1062
521: 318,508
522: 311,586,132,227,159
523: 723,103,1049
524: 102,1078
525: 311,586,479,689
526: 670,867,548
527: 535,1012,169
528: 161,752,189,685,397
529: 618,1007
530: 155,666,185
531: 371,379,699,713
532: 47,147,534
533: 126,536
534: 338,1040,532
535: 527,982,860
536: 1002,417,533
537: 728,801
538: 142,723,114,574
539: 
540: 137,825,768
541: 72,743,22,1036
542: 873,868,722,196
543: 975,244,180,423
544: 
545: 570,736
546: 483,297,1043,795,165
547: 1000,750,772,925
548: 446,572,526
549: 765,365,923,1035,1000
550: 351,581,308,668
551: 350,478,615,987,43
552: 28,974,1021,1053,321
553: 628,684,497
554: 831,715,797,341
555: 333,1019,1030,1046,1038
556: 351,990,296,829
557: 805,652,926,215
558: 599,151,972
559: 346,507,92
560: 95,278,858
561: 411,925,750,908
562: 912,511,473,623
563: 163,732
564: 739,876,153
565: 477,779,1044,350,113,87
566: 698,324
567: 710,719,1018
568: 595,434,1003,748
569: 914,491,648,194,376
570: 545,736,838,821
571: 1055,908,271,929
572: 37,865,548
573: 171,430,839
574: 114,538,723
575: 822,155
576: 
577: 750,772,172,1055
578: 187,346
579: 207,1072
580: 82,738,370,408,179
581: 351,550,668,140
582: 83,837
583: 66,646,1032,596
584: 86,453,93,700
585: 315,81
586: 525,522,159,309,5
587: 610,792,877
588: 405,120,372,345,1031
589: 233,1064
590: 724
591: 276,85,988
592: 140,386
593: 355,183,100,267,1063
594: 962,68,851,23,407,957
595: 568,45
596: 195,1032,457,583
597: 181,620,302,814,721
598: 518,681,1028,448
599: 151,558,214
600: 413,512,374
601: 366,470,493,770
602: 737,771,603
603: 602,771
604: 823,887,965,777,469,914
605: 871,607,422
606: 1073,158,99
607: 157,755,605,422
608: 192
609: 794
610: 587,938,512
611: 409,279
612: 357,248,904,874
613: 1047,700,165
614: 110,1049,14,1037
615: 1006,170,43,177,551
616: 795,165,643,60,505
1055: 571,172,577,42,200
618: 1041,529,1054,1007
619: 84,888,678,138,1001,266
620: 597,443
621: 683,764,252,1020
622: 362,94,854,18
623: 473,1011,511,275,562
624: 503,307,52,756
625: 692
626: 425,22
627: 7,288,74,206,72
628: 553,684,1023,228,656
629: 1021,290,653
630: 813,892
631: 280,778,463
632: 480,150,8,227
633: 930,431,501
634: 861,234,759,5,240,67
635: 989,665,950,940,1072
636: 676,870
637: 208,1041
638: 433,673,853,121,284,669
639: 303,337,158,1073
640: 199,679,1013,751
641: 50,898,294,355,154
642: 203,1026,727
643: 863,616,221,505
644: 674,343,236,870
645: 806
646: 583,655,1032
647: 664,462,967,850
648: 683,764,449,569,194
649: 795,762,505,1083
650: 749
651: 665,950,219
652: 805,557,334
653: 504,290,629
654: 470,902,817
655: 646,809,2,410
656: 969,968,1023,628
657: 88,273,1,980,660,205
658: 776,769,25
659: 885,399,486,86,204
660: 711,320,1,88,657
661: 1010,279,409,726,71
662: 
663: 192,732,484
664: 647,217,462
665: 651,940,635
666: 155,530,725,520
667: 969,231,417,807
668: 1017,550,581
669: 284,853,638
670: 526,921,837
671: 10,298,995,55
672: 489,747
673: 433,638,121,288
674: 644,924,236,978,937
675: 773,900,245,979
676: 236,636,268,229
677: 213,256,786,106
678: 712,888,619
679: 199,640,162,751,61
680: 79,862,707,146,1080
681: 598,448,812
682: 289,973
683: 648,764,621,884,277
684: 553,628,62,497
685: 301,397,148,528
686: 848,344,694,1075
687: 250,358,454,324
688: 360,221,49
689: 240,479,498,525
690: 735,238,733,927
691: 247,271,200,1026,727,952
692: 625,436,41,1047
693: 425,3,935,180
694: 897,1075,686,344
695: 824,404,132,282,311
696: 158,99,740,337,986,458
697: 287
698: 324,566
699: 713,531,720,768
700: 1043,86,584,613,1047
701: 211,980,371,713
702: 
703: 276,800,135,71,726,988
704: 390,1004,1035
705: 482,196,873
706: 1028,251,213,495,928
707: 481,680,195,457
708: 890,75,1040,19,774
709: 70,273
710: 567,1018,58,798
711: 471,660,88,145,264
712: 678,893,888
713: 699,825,701,531
714: 302,945,908,814
715: 554,831,392,1022
716: 
717: 460,88,264,430
718: 1063,322,267,1002,742,353
719: 933,567,1053,28
720: 902,445,699,768
721: 958,278,302,181,597
722: 32,283,1017,76,542,873
723: 142,538,103,574,523
724: 590,471,44
725: 822,666,168
726: 703,135,71,661
727: 1026,247,691,203,642,731
728: 537,801,419
729: 2,410
730: 139,473,1011,899
731: 858,953,727,247,203
732: 386,663,563
733: 162,690,61,90
734: 335,741
735: 690,1065,238,785,927
736: 545,570,838,786,106
737: 602,442
738: 82,580,179,69,994
739: 790,564,946
740: 985,337,986,696
741: 335,1060,734,1077,508
742: 353,718,1002
743: 257,22,206,944,72,541
744: 116,326,785
745: 373,361,352,506
746: 500
747: 672
748: 359,783,1003,568,434
749: 650,239
750: 577,772,547,561,925
751: 818,61,679,640
752: 528
753: 450,955
754: 879,382,201,25
755: 157,607,1033,422,823
756: 307,624
757: 246,293,1046
758: 961,346
759: 861,234,634,57
760: 105,327
761: 296,829
762: 872,505,649,378
763: 
764: 648,683,621,194,29
765: 549,1000,428
766: 1069
767: 1048,1054,246
768: 782,699,540,720
769: 33,225,253,658
770: 33,225,493,601,424
771: 602,603
772: 577,750,547,1000,172,428
773: 675,900,1034
774: 19,388,708,75,1039
775: 1074
776: 175,437,658
777: 449,884,887,604,832
778: 841,631
779: 286,477,565,113,962
780: 347,184
781: 266,437,802
782: 242,768,817,902
783: 359,748,1003,1009,426
784: 20
785: 735,1065,744
786: 736,106,677
787: 
788: 188,127,1057
789: 229,329
790: 739,822,168,946,1061
791: 436,45,796
792: 587,938,877
793: 111
794: 461,609
795: 616,165,297,546,649,505
796: 791
797: 0,76,554,283
798: 472,710
799: 118,913
800: 276,703,135,203
801: 537,728,419,930
802: 263,266,437,781,137
803: 843,909
804: 
805: 652,557,1048
806: 467,855,6,645
807: 417,420,1005,969,968,667,415
1062: 209,520
809: 655,439,410
810: 103,314,1070,14
811: 261,459,312,35,318,418
812: 448,681
813: 630,78,394
814: 443,280,302,714,597
815: 312,835
816: 328,129,1045,974,166
817: 242,782,654
818: 751,61,301
819: 31,292
820: 39,250,454
821: 138,1001,570
822: 575,725,790,168
823: 422,887,604,755,965,164
824: 991,695,404
825: 713,540
826: 226,964,977
827: 285,956,901,134
828: 439,410,1025,963
829: 296,761,990,556
1058: 208
831: 554,715,949,341,152,272
832: 777,884
1057: 466,127,218,188,788,306
834: 844
835: 897,815,214,151,109
836: 
837: 431,921,670,582
838: 570,736,879,106
839: 460,573
840: 393,847,344
841: 778,265,463
842: 123,936,414,996
843: 803,1052
844: 834,307,364
1076: 291,482,89,380
1056: 285,135
847: 393,855,840,848,344,467
848: 686,344,847,467
849: 864,10
850: 967,647,79
851: 959,23,594,853,407
1065: 735,238,785
853: 851,121,407,669,638
854: 94,622
855: 393,847,6,806,467
856: 877,435,433,128
1054: 112,767,618,1041
858: 953,731,95,247,560
859: 1036,910,191,1027
860: 3,935,535,310,982
861: 634,759,67,441,994
862: 79,680,277,1080,252
863: 643,60
864: 849
865: 37,572
866: 398,1042,874
867: 526,0
868: 542,966
869: 305,163,882
870: 236,636,644
871: 605,422,887
872: 762,378,241,890,894
873: 542,722,1017,196,705
874: 612,866
875: 426,104,82,370
876: 1015,913,503,564,153
877: 856,101,587,792
878: 27
879: 382,754,106,838,201,256
880: 226,977,377
881: 187,922,63
882: 163,869
883: 21,941,416,314
884: 449,777,832,277,683
885: 399,659,1043,124
886: 907
887: 422,823,604,871,777
888: 84,619,893,712,678,487
889: 359,104,453,93,235
890: 708,75,872,894
891: 997
892: 630
893: 173,368,712,487,888
894: 322,255,872,241,890,75
1053: 321,28,552,719
1073: 606,639,158
897: 54,835,694,109
898: 50,641,259,124,294
899: 127,133,139,730
900: 675,773,979
901: 956,983,827,285
902: 720,782,654
903: 366
904: 513,1024,612,248
905: 34,313
906: 228
907: 886
908: 714,945,561,571
909: 118,803
910: 343,859,1027,911
911: 910,1027
912: 562,473,357,248
913: 876,1015,799,153
914: 469,569,604,449
1071: 999,336
916: 233
917: 119
918: 49,1082,1040
1072: 579,940,635,989
920: 
921: 670,431,837
922: 306,63,9,187,881
923: 143,549,365,1035,976,1066,243
924: 674,978
925: 411,561,463,547,265,750
926: 48,557
927: 339,690,735,90
928: 495,706,960
929: 95,271,571,945,958
930: 633,801,122
931: 224,210,225,232,424
932: 462,402,392
933: 719
934: 976,1066,1029,440,475
935: 3,860,310,395,693
936: 39,842,414,249
937: 978,236,674,229
938: 610,792
939: 377,348,948,62
940: 665,635,1072
941: 416,420,1005,883
942: 977,377
943: 
944: 206,401,477,743,257
945: 302,714,908,929,958
946: 790,739,77
947: 111,955
948: 62,348,939
949: 308,341,152,831,272,190
950: 651,998,387,635
951: 304,1029,1004
952: 1026,331,11,200,691
953: 858,731
954: 374,128
955: 450,111,947,753
956: 983,901,29,1020,827
957: 121,407,594,286,74
958: 721,278,945,95,929
959: 851,23,476,328,129
960: 928,475,1029
961: 507,758,346
962: 594,68,1008,113,286,779
963: 65,828
964: 145,264,977,826
965: 971,164,243,823,604,469
966: 474,1037,868
967: 481,850,402,647
968: 656,969,807,415
969: 656,968,667,807
970: 116,326,381
971: 965,243,365,469,421,519
972: 275,558,511
973: 289,330,682
974: 552,816,1045
975: 244,543,3,180
976: 934,1066,1029,1004,923,1035
977: 964,942,377,880,826
978: 513,937,674,924
979: 245,900,126,675
980: 211,701,273,657,371,205
981: 
982: 87,310,514,535,1044,860
983: 956,901,216,29,331
984: 24,184,119
985: 303,337,740
986: 52,364,458,740,696
987: 336,170,125,478,551
988: 56,703,71,1010,591
989: 635,1072
990: 412,351,556,829
991: 824,282
992: 295,1014,388,502,193
993: 444,490,451
994: 69,861,432,441,179,738
995: 10,671,55
996: 269,414,842,123,91,46
997: 891
998: 219,950,387
999: 405,120,1071
1000: 547,549,765,1016,428,772
1001: 138,821,619
1002: 536,1063,718,742
1003: 568,783,748
1004: 704,951,976,1029,1035
1005: 417,420,807,415,941
1006: 615,1031,170,177
1007: 618,529
1008: 43,177,186,113,962,68
1009: 1038,370,408,783,426
1010: 661,71,988,56
1011: 473,623,80,730
1012: 527,349,169
1013: 199,640,196
1014: 144,992,295,502,342
1015: 876,913,458,99,503
1016: 172,428,519,491,1000,421
1017: 32,722,873,668
1018: 153,58,710,567
1019: 555,333,1030,131,13,59
1020: 252,51,621,400,956
1021: 629,118,321,552
1022: 402,715
1023: 228,316,488,628,656
1024: 513,904,248
1025: 299,439,828
1026: 727,952,331,691,642
1027: 191,910,859,911
1028: 706,251,518,16,598,213,448
1029: 976,934,960,951,475,1004
1030: 131,480,555,1019
1031: 1006,120,588,170
1032: 195,596,146,583,646
1033: 440,475,157,755,164
1034: 193,515,773
1035: 549,923,976,704,1004
1036: 343,859,541
1037: 403,14,474,966,614
1038: 1009,555,333,408
1039: 515,75,322,255,774,353
1040: 338,534,918,708,19
1041: 618,112,637,1054
1042: 866,398,357,139
1043: 700,86,885,483,546,124
1044: 477,565,350,514,87,982
1045: 328,129,816,974
1046: 293,757,555
1047: 613,41,692,700
1048: 36,805,767,246
1049: 110,614,14,523
1052: 843
1082: 107,918,338
1083: 378,297,649