0: 83,867,797
1: 70,352,320,657,1001
2: 990,583
3: 1111,1006
4: 117,289
5: 525,586,689
6: 855,806
7: 288,627,101,435
8: 1098,215,150
9: 758,218,306
10: 671,849,995
11: 376,491,29,216,952
12: 867,797,572,865
13: 441,1007,480,1046
14: 403,614
15: 754,382,1035,157
16: 786,213
17: 156,305
18: 836,509,1030,506
19: 75,708,774,255
20: 784,664,871,850
21: 930,801,122
22: 859,1097,425
23: 959,476,851,186,594,68
24: 942,348,1009,590,82
25: 232,658,1035,201,754
26: 
27: 878
28: 974,552,1053
29: 569,1004,376,11,194,983
30: 1067,863
31: 933,819
32: 873,722,308,668
33: 769,253,493,770,1028
34: 905,825,313
35: 233,318
36: 767,1098
37: 391,572,865,1022
38: 69,634,57,759,222
39: 820,936
40: 1043,316,488,174
41: 595,434,436
1082: 107,1084,338,147
43: 615,551,68,113
44: 320,506,509,184,724,471
45: 595,499,791,436
46: 80,91,429,64,123,996
47: 144
1043: 384,40,220,316
49: 221,360,688
50: 124,294,898,1040
51: 299,134,1020,764,827
52: 740,1106,1021,307
1068: 156,528
54: 1087,393,847,1036
55: 745,361,995,671
56: 
57: 759,585,38,222
58: 710,77
59: 179
60: 863,643,1095,616
61: 733,90
62: 220,1049,948
63: 1011,922,881
64: 429,123,46
65: 963
1085: 500,991,300
67: 159
68: 594,962,186,43,23
69: 38,222
70: 1,373,709,352
71: 726,703,661
72: 743,206,627
73: 223,212,115
74: 121,401,673
75: 890,918,708,1100,19,255
76: 341,83,722
77: 710,58,1045
78: 813,394,85
79: 707,680,832,884,277
80: 91,133,46,429
81: 362,622,222,585
82: 590,1019,984,24
83: 0,76,542
84: 888,266,487,802
85: 394,858,78,591
86: 165,546,453,700,659
87: 257,477,982,944
88: 980,1001,711,657,264
89: 592,702,1032
90: 148,733,61,927
91: 80,133,46,269,996,466
92: 507,559
93: 434,359,889
94: 347,262,1019
95: 560,945
96: 304
1099: 982,310
1064: 396
99: 158,696,458,986,606
100: 593,183,267
101: 856,435,7
102: 168,725,1061,1078,1101
103: 314,142,723,523
104: 875,160
105: 760,465
106: 736,677,838
107: 1082,1067,360
108: 161
109: 1075,897,835,151
110: 614,162
111: 947,955,793
112: 334,1054
113: 779,43,551,350,962
114: 574,538,330,245
115: 73
116: 744,326,970,381
117: 4,330
118: 799,909
119: 984,780,917,1009
120: 405,999,1093
121: 957,74,853,407,638,673
122: 415,419,21
123: 842,64,46,996
124: 1047,50,483,294
125: 987,230,485,478
126: 416
127: 899,1057,133,466
128: 374,954,877
129: 328,959,166
130: 747,446,391
131: 632,246,1007,757,480,1096
132: 227,150,522,282,311
133: 80,91,466,899,127
134: 299,51,285,827,340
135: 703,1056,203,642,726
1098: 8,215,767,36
137: 437,1024,1042
138: 266,821,781
139: 730,899,1029,510
140: 556,705,482
1060: 335,741,1077,508
142: 538,103,314,723
1093: 999,120,1071
144: 178,47
145: 1023,711,942
146: 195,680,862,1080
147: 534,1014,1082,1084,708
148: 90,301,685
1038: 917,258,447,323,780
150: 132,227,282,8
151: 599,558,214,109,835
1086: 644,674,910,1044,924
153: 876,913,564
154: 641,231,355
155: 666,530,575
156: 1068,17
157: 755,1035,15,475
158: 696,99,986,337,639,1088,606
159: 522,586,67
160: 235,204,104
161: 108,528
162: 733,110,751
163: 563,882,869
164: 971,823,422,887,965
165: 86,546,659,483
166: 816,129
167: 
168: 102,725,822,1048,739,790,1061
169: 349,244,527
170: 987
1107: 1069
172: 772,549,428,1055,517
173: 368,893,487
174: 488,641,399,40,281
175: 776,263,769
1096: 480,333,131,757,555
177: 615
178: 144,342
179: 738,994,59
180: 191,1006
181: 958,721,597,620,1010
1081: 332
183: 593,100,231,1063,267,667,1002
184: 262,509,44,724,590,1019
185: 209,520,530
186: 1079,476,23,68
187: 922,578,881
1100: 894,378,872,890,75
189: 397,1013
190: 272
191: 180,425,859
192: 663,296,608
193: 502,515,774,388
194: 983,956,1004,569,29,648
195: 596,146,457,481
1048: 822,666,168,725
1059: 
198: 298,1027
199: 640,614
200: 1016,571,929
201: 25,658,754
1078: 498,1101,524,102,479
203: 642,727,1026,800,135,276
204: 235,160,1047
205: 371,980,717,430,379
206: 288,627,743,72
207: 579
208: 637,1058
209: 185,1041
210: 424,931,225,224,784,605
211: 701,905
212: 73,223,270
213: 786,16,677
214: 599,151,815,423,835
215: 926,767,8,1098
216: 331,952,691,11,983
217: 424,664
218: 1057,9,306
219: 998,327,651,950
220: 62,316,1049,384,1043,684
221: 360,49,643,688
222: 81,622,57,585,38,69
223: 73,212,336
224: 607,931,210,605
225: 424,931,210,1028,770
226: 880,1037,497
227: 132,150,522
228: 553,684,656,1039,316,488
229: 676,937
230: 125,485,535,514
231: 1040,355,593,183,154,1002
232: 25,658,1035,931
233: 35,975
234: 516
235: 160,204,453,1047,659
236: 870,644,674,676,937
1061: 790,375,102,168
238: 690,1065
239: 749
240: 689,498,1101,325,1018
241: 718,267,322,894,378
242: 654,902,782,817
243: 440,1066,755
244: 169,975
245: 973,675,114
246: 632,131,757
247: 1016,731,271
248: 357,912,612
249: 454,936,414
250: 358,820,687
1083: 649,297,259
252: 621,400
253: 493,817,33,769
254: 1005,697
255: 774,75,322,894,19
256: 879,382,495
257: 1097,87,395
258: 917,1038,384
259: 297,483,1083
260: 1012,459,1090,1087
261: 1012,393
262: 509,1030,184,94,1019
263: 175,437,1042
264: 717,711,88,980,1023
265: 925,463
266: 84,619,802,781,138
267: 1063,718,241,100,183
268: 329,636
269: 414,996,466,91
270: 212,396
271: 247,953
272: 190,457,831,949
1101: 1078,498,240,102,375,325
1080: 621,683,862,146,400
275: 972,511,623
276: 988,800,203,1026,858
277: 862,1033,884,680,79
1102: 766,1069
279: 661,409,611
280: 1000,778,463,631
281: 294,898,399,174,641
282: 695,311,132,150
283: 554,392,715
284: 1008
285: 1056,901,827,134
286: 779,962,401,957
287: 446,526
288: 206,627,435,7
289: 973,682,4
290: 629,653
291: 1094,818,1032
292: 427,819
1052: 1109,1073,843
294: 281,898,124,399,50
295: 992
296: 192,829,608
297: 649,259,795,1083
298: 671,198,361
299: 134,1020,51,439
300: 1062,991,1041,1085
301: 148,685
302: 814,597,908,721
303: 1021,337,985,639
304: 96,951
305: 869,17
306: 922,218,9,1011
307: 1015,52,1106
308: 32,550,412
309: 441
310: 935,1099,395
311: 1092,282,695,132,525
312: 1090,418,459
313: 610,34,905
314: 103,810,142
315: 585
316: 220,40,1043,488,684,228
1049: 62,220,939,948,684
318: 35
1070: 810,403
320: 352,44,1,471,657
321: 913,799
322: 894,718,241,255,353
323: 447,370,1038
324: 698,358,687,566
325: 490,451,1018,375,1101,240
326: 744,116,970
327: 363,760,219,651
328: 129,959,476
329: 268,938,792
330: 973,114,117
331: 216,691,901,642,727
332: 1081
333: 1096,555,1046
334: 112,1054,805
335: 1060,741,734,589
336: 1071,223
337: 303,1021,639,158,986
338: 1082,534
339: 927
340: 134
341: 76
342: 178
1037: 226,880,977,964
1103: 1072,940,635,989
345: 372
346: 559,578,758,961,507
347: 94,854
348: 942,1009,24,948,377
349: 169,527,535
350: 551,113,779,565
351: 412,581,990
352: 320,506,745,373,70,1
353: 742,322,718,515
1063: 718,267,183,667,742
355: 1040,231,898,641,154
356: 367
357: 248,912,473,730
358: 250,687,324
359: 889,748,434,93
360: 221,49,1067,107
361: 55,745,373,671,298
362: 81,622,1030
363: 327,881
364: 1015,1106
365: 923
366: 470,903,601,1025
367: 356
368: 173,789,893
369: 516,993
370: 447,323
371: 531,205,379
372: 345,405
373: 745,361,1027,709,352,70
374: 954,128,452,877,587,600
375: 1061,1101,490,325
376: 491,11,519,29
377: 939,348,880
378: 894,1100,872,241
379: 430,573,1017,531,371,205,445
380: 702,1032,818,397
381: 116,970
382: 754,15,879,256,495
1077: 1060,741,508
384: 1043,917,258,220
1074: 775
386: 732,592
387: 998,950
388: 992,774,502,193
1066: 440,243,923
390: 704
391: 37,572,130,446
392: 554,932,402,283,715
393: 847,1036,261,54
394: 85,858,813,78
395: 425,310,935,257
396: 1064,270
397: 189,1013,380
398: 1029,874,545,866
399: 885,281,294,174
400: 621,1080,252,1020
401: 957,74,286
402: 392,967,715
403: 14,1070,474
404: 1092,824,524,695
405: 999,120,372
1075: 109,897,686
407: 853,851,594,121,957
1110: 443,1104
409: 611,661,279
410: 828,729,963
411: 561,750,925,463,1000
412: 351,308,550
413: 587,600,512
414: 269,996,842,936,249
415: 122,419,533,420
416: 941,126
417: 667,1002,536
418: 312
419: 968,807,533,415,122
420: 415,941
421: 469,965,604
422: 871,887,605,607,164,823
423: 815,1006,214
424: 210,225,217,784
425: 395,693,859,22,191
426: 875
427: 452,292
428: 549,172,517
429: 64,80,46
430: 573,379,839,205,717,460
431: 921,930,537,633
1084: 1082,918,147
433: 669
434: 568,595,359,41,93
435: 856,101,288,7
436: 791,1003,45,595,41
437: 137,802,1042,263
438: 825,540,1024
439: 828,809,299
440: 1066,243,475,934,755
441: 13,309
442: 737
443: 1104,1110,814,597,620
444: 1045,472
445: 720,531,699,379,1017
446: 548,526,287,130,391
447: 323,580,370,1038
448: 812,598,681
449: 1004,683,1033,648
450: 947,955
451: 490,325,1018,993
452: 427,1008,374,954,600
453: 235,86,659
454: 249,820,687
455: 
456: 
457: 831,481,272,195
458: 99,986
459: 260,312,1090
460: 717,964,430,839,826
461: 794,841
462: 1022,903,932
463: 841,778,265,925,411,280,1000
1067: 30,360,107
465: 105
466: 269,91,133,127
467: 848,1036,806
1079: 186,476
469: 421,971,965
470: 654,817,366,601
471: 711,660,657,320,44,724
472: 864,798,444
473: 562,912,623,357
474: 966,1034,403
475: 960,934,157,755,440
476: 959,23,1079,186,328
477: 779,565,982,944,87
478: 485,987,125
479: 1092,689,1078,498,525
480: 1096,131,1007,13
481: 707,680,457,967,195
482: 1094,705,140
483: 165,124,259
484: 663
485: 478,125,230,514
486: 885
487: 173,893,84,888
488: 174,40,316,228,1039
489: 497,1005,697
490: 451,325,1018,375
491: 376,11,952
1091: 576
493: 253,817,33,601,770,1028
1087: 54,260,1090
495: 960,256,382
1069: 1107,1102
497: 489,1005,226,747
498: 689,1078,1101,240,479
499: 45,791
500: 1085,991,746
501: 1034,837,542
502: 193,992,388
503: 624,575
504: 
505: 795,616,643,762,688
506: 352,44,18,745,509
507: 961,346,559,92
508: 521,1060,1077
509: 262,1030,184,18,506,44,1019
510: 788,139,1029
511: 910,1044,972,275,562,623
512: 413
513: 978,937
514: 527,535,230,485
515: 774,353,193
516: 369,993,234
517: 1055,428,172
518: 788
519: 376
520: 666,530,185
521: 508,1031
522: 132,227,586,159
523: 103,723
524: 824,725,404,1078
525: 5,586,479,1092,311,689
526: 446,548,287
527: 535,514,169,349
528: 161,1068
529: 
530: 520,666,155,185
531: 371,699,713,379,445
532: 534
533: 807,419,969,415
534: 147,1014,532,338
535: 527,514,230,349
536: 417,667
537: 930,801,921,431
538: 142,114,574,723
1047: 659,124,235,204
540: 699,713,1024,825,438
541: 870,676
542: 501,83,868
1092: 404,479,311,695,525
544: 
545: 874,398,736,786
546: 165,86,613,700
547: 925,772,750
548: 446,526,572
549: 772,172,428
550: 668,308,412,581
551: 350,43,615,113
552: 28,974,1053
553: 684,656,228,628
554: 392,283
555: 333,1096
556: 140,581
557: 
558: 599,151,972
559: 346,578,507,92
560: 953,95,892,630
561: 411,750,577
562: 473,511,910,623
563: 163,732
564: 876,153
565: 477,779,350,982
566: 698,324
567: 719
568: 748,434,595
569: 29,1004,194
570: 838
571: 200
572: 37,391,865,548,12
573: 430,379,1017,839
574: 114,723,538
575: 822,155,503,666
576: 1091
577: 561,1055
578: 346,559,187
579: 207,1072
580: 854,738,447
581: 351,550,556
1036: 393,847,54,848,467,806
583: 646,596,2
584: 613,700
585: 315,57,81,222
586: 525,5,522,159
587: 413,600,374
588: 
589: 734,335,741
590: 724,82,1019,184,24
591: 85
592: 386,89
593: 100,183,1040,231
594: 962,68,23,851,407,957
595: 45,568,434,436,41
596: 195,583
597: 302,814,443,721,181,620
598: 681,448
599: 151,558,214,972
600: 413,587,452,374
601: 1025,770,470,493,817,366
602: 737,771,603
603: 602,771
604: 965,914,421
605: 422,871,210,607,224,784
606: 1088,158,99
607: 224,422,605,823
608: 829,761,192,296
609: 794
610: 313,938
611: 409,279
612: 248,904
613: 584,700,546,616
614: 110,14,199
615: 43,177,551
616: 795,505,613,60
1055: 517,172,577
618: 
619: 888,266,678,904
620: 1010,597,443,181
621: 1080,252,683,648,400,1020
622: 81,362,222
623: 511,275,562,473
624: 503
625: 1095,692
1046: 333,13
627: 206,288,72,7
628: 553,656,968
629: 290,653
630: 813,560,953,892
631: 981,778,280
632: 131,246,1007
633: 1034,431,670,837
634: 759,861,38
635: 989,665,950,1103
636: 268
637: 208
638: 669,853,121,673
639: 303,337,158,1088
640: 199
641: 174,281,898,355,154
642: 203,727,331,1056,135
643: 863,60,505,221,688
644: 674,1086,236,870
645: 806
646: 583
647: 850,664
648: 764,449,1004,621,194
649: 297,795,762,1083
650: 749
651: 665,950,327,219
652: 805
653: 290,629
654: 793,242,470,902,817
1045: 444,77,993
656: 553,228,1039,628,968,807
657: 471,711,660,320,1,88,1001
658: 25,232,201
659: 1047,453,235,165,86
660: 471,711,657
661: 279,409,726,71
662: 1108
663: 192,732,484
664: 20,784,217,850,647
665: 651,940,635
666: 520,530,155,575,822,1048
667: 417,1002,183,1063,536
668: 550,873,32
669: 433,638,853
670: 921,633,837
671: 10,298,995,55,361
672: 826,839,947
673: 121,74,638
674: 644,1086,236,978,937,924
675: 773,682,973,245
676: 229,236,541
677: 106,786,213
678: 712,893,888,619
1111: 975,3
680: 481,707,79,277,862,146
681: 598,448,812
682: 773,675,289,973
683: 862,1033,449,621,1080
684: 553,228,220,316,1049
685: 148,301
686: 1075,848
687: 250,358,454,324
688: 762,643,505,221,49
689: 498,240,479,525,5
690: 735,238,733,927
691: 331,216,952,1016,727
692: 1003,796,625
693: 935,425
1104: 443,1110,714,981,814
695: 282,404,1092,311
696: 158,99,986
697: 254,489,1005
698: 324,566
699: 713,540,1024,531,720,445
700: 613,584,86,546
701: 211
702: 380,1032,89
703: 988,135,726,71
704: 390
705: 482,140
706: 928
707: 481,680,79,967
708: 918,75,147,19
709: 1027,373,70
710: 58,77,798
711: 471,660,657,88,145,1023,264
712: 678,893,789
713: 699,540,825,531
714: 814,1104
715: 831,392,402,283
716: 775
717: 460,264,980,205,430
718: 1063,267,241,322,353,742
719: 1053,567
720: 902,782,445,699,1017
721: 958,181,908,302,597,945
722: 873,32,76
723: 574,142,538,103,523
724: 590,184,44,471
725: 102,168,1048,524
726: 71,1056,703,135,661
727: 203,642,1026,331,691,731
728: 968,801
729: 410
730: 139,357,866,1029
731: 247,727,1026
732: 386,663,563
733: 162,61,690,90
734: 589,335
735: 690,1065,927
736: 106,821,545
737: 602,442
738: 179,994,580
739: 822,168,790
740: 52,1021
741: 335,1060,1077,589
742: 353,1063,718
743: 944,206,72
744: 116,326
745: 55,361,373,352,506
746: 500
747: 130,497
748: 568,359
749: 650,239
750: 411,561,547,925,772
751: 162
1097: 257,22
753: 955
754: 382,15,201,879,25,1035
755: 157,475,440,243
756: 844,1015
757: 246,131,1096
758: 9,961,346
759: 57,634,38
760: 105,327
761: 829,608
762: 688,795,505,649
1088: 1073,606,639,158
764: 648,956,1020,51,827
1095: 625,60
766: 1102
767: 36,926,215,1098
1108: 1105,662
769: 33,175,776,253
770: 601,1025,493,33,225,1028
771: 602,603
772: 549,172,547,750
773: 675,682
774: 515,255,19,388,193
775: 716,1074
776: 175,769
777: 832,871,887
778: 841,463,794,280,1000,631
779: 113,477,286,565,350
780: 984,917,1038,119
781: 802,266,138
782: 720,1042,242
783: 889
784: 20,664,424,210,605
785: 
786: 16,213,545,677
787: 
788: 510,518
789: 368,712
790: 1061,946,739,168
791: 436,1003,499,45,796
792: 938,329
793: 654,902,111,955
794: 461,841,778,609
795: 616,505,649,297,762
796: 791,692,1003
797: 12,867,0
798: 933,710,472
799: 118,913,321
800: 276,203
801: 930,21,537,728
802: 781,84,266,437
803: 843,1073,909
1041: 209,300
805: 652,334
806: 645,855,1036,6,467
807: 968,419,533,656,1039,969
1062: 991,300
809: 439,828
810: 314,883,1070
1106: 52,364,1015,307
812: 448,681
813: 78,630,953,394
814: 302,597,714,443,1104
815: 423,214,835
816: 166
817: 253,493,654,242,470,601
818: 291,380,1032
819: 31,292
820: 39,936,250,454
821: 138,736
822: 575,1048,666,739,168
823: 164,607,422
824: 524,404
825: 34,905,438,713,540
826: 672,460,964,839
827: 285,901,764,956,134,51
828: 439,809,410,963
829: 761,296,608
1058: 208
831: 457,715,949,272
832: 884,777,850,79
1057: 127,218
1094: 482,291
835: 109,897,815,151,214
836: 18,1030
837: 670,633,501,1034
838: 106,570
839: 430,573,460,826,672
1105: 891,1108
841: 778,463,794,461
842: 123,936,414,996
843: 803,1052
844: 1015,756
1109: 1052,1073
1056: 285,642,726,135
847: 393,855,1036,54
848: 467,1036,686
849: 864,10
850: 647,20,664,832
851: 959,23,594,853,407
1065: 735,238
853: 407,851,121,669,638
854: 580,347
855: 847,6,806
856: 877,101,435
1054: 334,112
858: 394,85,1026,276
859: 22,425,191
860: 935
861: 994,634
862: 277,683,1033,680,146,1080
863: 643,60,30
864: 472,849
865: 37,572,1022,12
866: 874,730,1029,398
867: 12,797,0
868: 966,542
869: 305,163,882
870: 236,541,644
871: 422,887,605,20,777
872: 890,378,1100
873: 32,722,668
874: 545,866,398
875: 104,426
876: 913,564,153
877: 856,374,128
878: 27
879: 256,754,382
880: 226,1037,977,377
881: 363,63,187,922
882: 163,869
883: 810
884: 832,79,277,1033
885: 399,486
886: 907
887: 422,871,164,777
888: 84,619,678,893,487
889: 359,783,93
890: 918,75,872,1100
891: 1105,997
892: 560,630
893: 712,678,173,368,487,888
894: 322,378,1100,241,255
1053: 28,552,719
1073: 1088,1109,1052,803
897: 109,1075,835
898: 281,294,50,641,1040,355
899: 127,133,139
900: 
901: 285,827,983,956,331
902: 720,1017,793,654,242
903: 1025,366,462
904: 612,619
905: 34,825,313,211
1044: 511,911,910,1086,972,924
907: 886
908: 302,929,945,721
909: 118,803
910: 511,1044,1086,562,924
911: 1044
912: 473,357,248
913: 876,799,153,321
914: 604,1033
1071: 999,1093,336
1040: 231,355,50,898,593
917: 1038,258,780,119,384
918: 890,75,708,1084
1072: 1103,989,579
920: 
921: 431,537,670
922: 187,306,1011,63,881
923: 1066,365
924: 674,1086,910,1044,978
925: 265,547,463,411,750
926: 215,767
927: 339,690,735,90
928: 706
929: 945,908,200
930: 801,21,537,431
931: 210,225,1028,232,224
932: 462,392
933: 798,31
934: 960,475,440
935: 310,860,395,693
936: 820,39,842,414,249
937: 513,978,236,674,229
938: 792,329,610
939: 948,377,1049
940: 665,1103
941: 416,420
942: 348,24,145
1039: 656,228,488,969,807
944: 743,477,87
945: 929,908,958,721,95
946: 790
947: 111,672,450
948: 939,348,1009,62,1049
949: 831,272
950: 651,998,219,387,635
951: 304
952: 216,691,491,11,1016
953: 560,271,813,630
954: 374,128,1008,452
955: 111,793,450,753
956: 194,983,764,901,827
957: 121,401,594,962,286,407
958: 721,181,945
959: 476,23,851,328,129
960: 495,475,934
961: 507,758,346
962: 594,68,113,286,957
963: 65,828,410
964: 460,1023,977,1037,826
965: 604,971,164,421,469
966: 868,474
967: 402,481,707
968: 807,419,656,628,728
969: 1039,807,533
970: 116,326,381
971: 164,965,469
972: 275,599,558,511,1044
973: 289,330,245,675,682
974: 28,552
975: 1111,244,233
976: 
977: 1023,964,880,1037
978: 513,937,674,924
1042: 137,437,782,263
980: 88,1001,205,717,264
981: 631,1104
982: 1099,477,565,87
983: 194,956,29,216,901
984: 780,82,119,1009
985: 303,1021
986: 158,696,99,458,337
987: 125,170,478
988: 703,276
989: 635,1072,1103
990: 2,351
991: 1062,300,1085,500
992: 295,388,502
993: 369,516,451,1018,1045
994: 861,179,738
995: 10,671,55
996: 269,414,842,123,91,46
997: 891
998: 219,950,387
999: 405,120,1093,1071
1000: 280,778,463,411
1001: 88,980,1,657
1002: 417,667,183,231
1003: 791,436,692,796
1004: 449,569,29,648,194
1005: 489,497,254,697
1006: 423,3,180
1007: 632,131,480,13
1008: 284,452,954
1009: 348,24,984,119,948
1010: 620,181
1011: 63,922,306
1012: 260,261
1013: 189,397
1014: 147,534
1015: 364,844,1106,756,307
1016: 200,247,952,691
1017: 573,379,720,902,445
1018: 490,451,325,240,993
1019: 590,82,94,262,509,184
1020: 299,51,621,764,400
1021: 303,337,985,740,52
1022: 462,37,865
1023: 145,977,711,964,264
1024: 699,540,438,137
1025: 903,601,770,366
1026: 203,727,731,276,858
1027: 709,198,373
1028: 931,225,493,33,770
1029: 398,730,139,866,510
1030: 262,509,362,836,18
1031: 521
1032: 702,380,291,818,89
1033: 277,683,862,884,914,449
1034: 633,501,837,474
1035: 25,232,754,15,157
1089: 
1090: 312,459,260,1087