1147: 203
1: 531,701,980,371
2: 439,583
3: 1111,423,815
4: 117,289,330
5: 525,586,67
6: 1137
7: 268,627,870,236
8: 215,150,1130
9: 758,306,922
10: 864,26,849,995
11: 491,29,1144,983,901,216
12: 548,554,797
13: 480,441,59,783
14: 403,1070,810,614
15: 382,475,157
16: 786,213
17: 1145,305
18: 506,362,509
19: 388,1128,1139,774
20: 777,850,1028
21: 930,801,1040,810,1070
22: 859,1097,425
23: 959,851,476,186,594,68
24: 348,942
25: 232,658,201,754
26: 864,10,472,444,995
27: 878,502
28: 974,552,1053,719
29: 569,1144,11,194,983
30: 863,1067,1136
31: 284,292
32: 722,1151,668
33: 817,253
34: 713,825,905,313,173
35: 459,318,233,418
36: 
37: 462,366,903,548
38: 81,634,1030,1008
39: 686,467,842,820
40: 174,258
41: 434,595
1082: 1084,1146,360,49,107
43: 615,1079,551,962,68,113
44: 1019,373
45: 499,568
46: 123,80
47: 295
1043: 426,179,59
49: 221,360,688,1082,918
50: 898,593,231
51: 764,299
52: 1133,364,1106,307
1068: 156,528
54: 855,806
55: 585,222
56: 276
57: 585,222,369,315,81
58: 710,567,1021
59: 309,13,179,1043
60: 863,643,625
61: 751,733,301,818
62: 119,984,780,384
63: 1057,881,363
64: 275,80
65: 963,340,611
1085: 1140,300,356,367
67: 159,1007,586,5
68: 594,962,186,43,23
69: 1008,994,580
70: 
71: 703,726
72: 1097,743
73: 223,212,115
74: 407,401,957,1045,288
75: 1002,890,872,1116,1100
76: 837,670,867,1005
77: 710,1124
78: 813,1126,394,85,1016
1134: 637
80: 466,64,46,429
81: 38,57,222,1008
1136: 221,360,30,863,643,1067
83: 501,868
84: 619,802,266
85: 858,394,78,1016
1137: 6,855,806
87: 257,743,982,477,944
88: 980,264,320,657
89: 1117,702
90: 733,162,110,238
1014: 515,774,255,353,322
92: 507,559
93: 889,700
94: 262,362,622,854
95: 1010,958,560
96: 951,390
1099: 982,310
1064: 396
99: 1132,986,158,913
100: 593,124,183,241,267
101: 627,1044
102: 575,168,725
103: 1039,523
104: 1127
105: 760,327,578,1141
106: 736,545,879
107: 338,1067,1082,1146
108: 161
109: 151,1075
110: 238,90,162
111: 793,947,955
112: 334,1054
113: 286,779,43,551,350,962
114: 330,973,245,538,574
115: 73
116: 744,326,339,970,381
117: 4,330,574
118: 799,321
119: 62,384
120: 405,999,1093
121: 853,669,1045,851,407
122: 1037,420,941
123: 842,848,46,996
124: 593,100,1047,1083
125: 987,230,485,478
126: 900,142
127: 133,218,1057
128: 374,954,877,856
129: 328,959,853
130: 747,497,450
131: 1131,757
132: 227,586,522
133: 127,899,139
1125: 562,924,1086
135: 203,827,642,1026
1098: 1130,246,215,767
137: 1024,438,782,437,175
138: 821,904,619,266,838
139: 133,899,730,510
140: 592,482
1060: 335,741,1077,508
142: 245,126,538
1093: 999,120,1071
144: 147,1128
145: 977,942,711,460
146: 195,1034,646
147: 1128,144
148: 339
1038: 933,816
150: 282,8
151: 109,835,897,558
1086: 511,180,1125,924
153: 946,876
154: 969,355,533
155: 503,530
156: 1068,1145
157: 755,224,15,475,931
158: 1132,99,1088,606
159: 67,1007,586,522
160: 659
161: 108,528
162: 733,90,110,751
163: 563,189,869,882
164: 1112,823,965,887,422,971
165: 259,297,546,659,483
166: 
167: 1015,1150
168: 822,102,1061
169: 349,527
170: 987
1107: 1069
172: 772,549,1055,428,517
173: 893,313,34
174: 40,399,281
175: 242,137,781
1096: 333
177: 615,1079
178: 332
179: 426,1043,59,1003
180: 599,511,1086
181: 620,597,1000
1081: 878,332
183: 231,593,100,267
1089: 
185: 
186: 1079,23,476,68
187: 219,1011,327
1100: 1116,75
189: 163,305,869
190: 457,412,272
191: 425,693,859
192: 1115,296,608
193: 992,502
194: 983,956,449,569,29,648
195: 146,596,1034,481,862
1048: 345
1059: 568
198: 298,413,600
199: 966,403,614
200: 691,1129
201: 570,776,25,658
1078: 524,404,1018,1092,498
203: 135,1147,1026
204: 486,885
205: 371,717,445
1016: 591,813,78,85
207: 1072,1103,579
208: 637
209: 520
210: 1042,225,424,605
211: 709,905,701,713
212: 73,223,270
213: 786,16,256
214: 423,599
215: 8,926,767,1098
216: 901,491,11,952,1020,1138
217: 932,664
218: 127,1057,306
219: 187,327
220: 948
221: 360,49,1136,643,688
222: 57,585,81,1008,55
223: 73,212,336
224: 157,755,607,1042,931,823
225: 601,210,493,424
226: 672
227: 132,632,522
228: 316,553,807,656
229: 888,789,513,712
230: 125,485,535
231: 355,183,50,593
232: 25,769,931
233: 975,418,35
234: 689,516,759
235: 748,1119,359
236: 674,870,7,676
1061: 790,739,168
238: 110,90
239: 749
240: 1122
241: 718,267,100,894
242: 175,253
243: 440,1066,755,1112
244: 
245: 675,900,142,973,114,538
246: 1130,1098,1131
247: 271,394,953
248: 357,473
249: 758,454
250: 358,1120,820,645
1083: 649,259,1047,124
1035: 562,674,937,978
253: 242,817,33
254: 
255: 515,774,1014,1116,894,1139,322
256: 879,382,213
257: 1097,87,743,395
258: 40,917,384
259: 297,165,1047,483,1083
260: 847,1012
261: 847
262: 94,362,590
1143: 651,1114,760,665
264: 88,980,657,711,717,1023
1114: 1143,665,635,1103
266: 802,84,619,138,838
267: 241,718,100,183
268: 7
269: 1036,996
270: 212,396
271: 247,1129
272: 308,949,412,831,457,190
1101: 498,479,689
1131: 131,246
275: 429,64,623
276: 56
277: 449,884,1033,914,569
1102: 766,1149,1069
1126: 813,78,953,1010,394,630,560
280: 631,778
281: 898,294,399,174
282: 695,150,311
283: 341,797,554,715,949
284: 31
1119: 359,235,748
286: 113,779,962,957,401,1031
287: 489,391,526,446
288: 1031,74,401
289: 330,973,682,4
290: 
291: 818
292: 819,31,427,1001
1052: 1109,1073,843
294: 281,898,399
295: 47
296: 1115,192,556,829,608
297: 259,795,165,616
298: 198,427,1001
299: 51,1135,621
300: 1085,1140,520,1041,1062,991
301: 61,818
1139: 1116,1002,19,774,255
303: 337,740,985,1148
304: 928,951
305: 869,189,17,1145
306: 922,1011,218,9,881
307: 52,1106,986
308: 949,412,272,1151
309: 59,1007,1030
310: 935,1099,395
311: 479,1092,282,695
312: 418,1111,815
313: 905,173,938,34
314: 1040
315: 444,57,585,995
316: 228,553
1049: 722,542,668,873
318: 459,35
1070: 403,14,21,810
320: 373,1009,352,657,88
321: 1053,118,946
322: 353,1032,894,718,515,255,1014
323: 917,780,370,347,486
324: 358,687,566
1028: 605,871,424,777,20
326: 744,116,970
327: 105,187,219
328: 129,653,959,476
329: 368
330: 289,973,114,574,117,4
331: 642,727,691
332: 178,1081
333: 783,1003,1096,748
334: 112,1054,805
335: 1060,741,734
336: 1071,223
337: 303,740,1148,1132
338: 107,534,1146
339: 927,148,116,381
340: 65,963,611
341: 283,797,949
1024: 137,438,540,437
1037: 122,419,415
1103: 207,1072,1114,940,635
345: 372,1048
346: 559,961,922,1011
347: 447,323,780
348: 948,377,24,942
349: 169,527,535
350: 551,113,779,565
351: 556,581,550,990
352: 320
353: 742,322,1032,1014
1151: 308,412,32
355: 231,898,154
356: 367,1085
357: 248,473,866
358: 250,1120,687,324
359: 1119,235
360: 221,49,1136,1067,1082
361: 671,745,1019
362: 94,262,18,509
363: 681,63
364: 52
365: 923
366: 37,903,753,1022
367: 356,1085
368: 329,893,789
369: 516,993,57
370: 875,486,323
371: 205,531,1,980
372: 345,405
373: 320,1009,44
374: 954,128,877,452,587,600
1128: 388,19,147,144
376: 491,519,1144
377: 348,948,942,939
378: 1116
1116: 894,378,1100,1139,75,1002,255
380: 1117,397
381: 116,339,970
382: 256,15,495
1077: 1060,741,508
384: 917,119,62,258
1074: 775
386: 732,592,1013,1115
1033: 449,884,277,680,683
388: 1128,19,774
1066: 440,243,923
390: 704,96
391: 572,287,446
392: 554,402,932,715
393: 1087,1012
394: 858,247,1126,78,953,85
395: 425,310,935,257
396: 1064,270
397: 380
398: 730,1029
399: 885,174,281,294
400: 862,1135
401: 74,957,286,288,1031
402: 392,715
403: 14,1070,614,199
404: 1078,524,1113,824,695,1092
405: 999,120,372
1075: 686,109,848
407: 74,851,594,957,121,1045
1110: 1104
409: 1056,703
410: 729,1004,963
411: 561,750,925
412: 308,272,1151,190
413: 587,600,198,512
1032: 353,742,322,718
415: 533,969,419,1037
416: 941,420,417
417: 420,533,667,416
418: 975,1111,312,233,35
419: 807,656,415,1037
420: 417,533,122,941,416
421: 914,604,965,469
422: 164,823,887,607,605,871
423: 3,815,214
424: 493,225,210,605,1028
425: 395,191,859,22
426: 179,1043,738
427: 452,1001,292,298
428: 549,172,517
429: 275,80,466
430: 826,947
431: 921,537
1084: 1082,918,1002
1030: 994,634,38,309
434: 41,584,700
1135: 400,621,683,299
436: 595,796,791
437: 802,781,137,1024
438: 137,1024,782,540
439: 2,729
440: 1066,243,475,934,755
441: 1007,13
442: 737
443: 1104,814,620
444: 993,315,472,26
445: 699,720,205
446: 526,867,287,391,1005
447: 875,738,347
448: 812,598,681
449: 277,1033,569,648,683,194
450: 947,747,130
451: 1122,490,1124
452: 427,374,954,600
453: 889
454: 687,249
455: 729
456: 
457: 190,831,272,596,1034
458: 624
459: 318,35,1006
460: 964,1023,711,145
461: 794,841
462: 37,903,932
463: 547,704,925
1067: 30,360,1136,107
465: 1141,760,665
466: 80,429,899
467: 39,820
1079: 43,615,177,186
469: 965,971,421
470: 793,654
1130: 1098,246,8
472: 798,444,864,26
473: 357,248,912
474: 633,501,868
475: 960,15,157,755,440
476: 959,23,186,328
477: 982,565,779,944,87
478: 485,987,125
479: 311,1092,498,1101,525
480: 13
481: 967,1025,195,862
482: 140
483: 1047,659,259,165
484: 663
485: 478,125,230
486: 204,370,323
1017: 902,573,720,782
488: 
489: 287,526
490: 1122,451,790,1124
491: 376,11,952,1144,216
1091: 576
493: 424,225,601
1087: 1012,393,1090,897,1006
495: 960,382
1069: 766,1102,1107
497: 747,130,672
498: 1101,1078,1018,479,1092
499: 45
500: 1140,991,746
501: 837,633,474,868,83
502: 193,27
503: 155,530
1112: 164,823,243,971
505: 616,643,795,762,688
506: 18,509
507: 961,559,92
508: 521,1060,1077
509: 18,506,362
510: 788,139,730
511: 910,1086,972,180
512: 709,413
513: 978,937,229
514: 
515: 255,1014,322
516: 369,234,759
517: 1020,428,172,952
518: 788
519: 1144,376
520: 1041,209,300
521: 508
522: 632,227,132,586,159
523: 103,1039
524: 1078,404,725,1018,666,824
525: 586,5,479
526: 670,867,446,287,489
527: 535,169,349
528: 161,1068
529: 
530: 155,503
531: 701,1,713,371
1115: 192,296,732,386,663
533: 420,417,415,969,154
534: 1146,338
535: 527,230,349
536: 742
537: 431,801
538: 245,142,114
1047: 483,259,1083,124
540: 699,720,1024,438
1023: 460,711,264,717
542: 1049,873
1092: 311,479,1078,404,695,498
544: 1046
545: 106,736,874,1029,786
546: 659,165
547: 463,925,772,750
548: 12,572,37
549: 772,172,428
550: 351,990
551: 350,43,615,113
552: 28,974,1053
553: 684,228,316,656
554: 392,12,283,797
555: 757
556: 351,1013,829,296
557: 
558: 151
559: 346,578,507,92
560: 630,892,1010,95,958,1126
561: 411,750,1055
562: 1035,1125,644,674
563: 163,732,663
1133: 52,740
565: 982,477,350,779
566: 687,324
567: 1053,946,1021,719,58
568: 1059,45
569: 29,449,277,194
570: 201,776
1117: 89,702,380
572: 391,548
573: 902,1017,654
574: 330,114,117
575: 725,102
576: 1091
1140: 1085,500,300,991
578: 559,105,1141
579: 989,207,1072
580: 854,69,622
581: 351
1036: 996,269
583: 646,2
584: 1095,613,700,434
585: 57,222,315,995,55
586: 525,5,132,522,159,67
587: 413,600,374,877
1124: 451,490,77
589: 734,741
590: 262
591: 1016,813
592: 140,1013,386
593: 100,124,50,231,183
594: 962,68,957,851,23,407
595: 436,791,41
596: 195,1034,457
597: 1000,814,620,181
598: 681,448
599: 180,214
600: 413,587,452,374,198
601: 225,493
602: 737,771,603
603: 602,771
604: 914,421,965,887
605: 871,1028,607,1042,210,424,422
606: 1073,1088,158
607: 1042,224,605,823,422
608: 829,761,192,296
609: 794,778
610: 856,1027,1044
611: 65,340
612: 712,904
613: 1095,584,700
614: 403,14,199
615: 43,1079,177,551
616: 505,297,795
1055: 772,172,561,750
618: 
619: 84,678,138,904,266
620: 181,443,814,597
621: 648,683,1135,299
622: 854,580,94
623: 912,910,972,275
624: 458,822
625: 863,60
1046: 544,1121
627: 101,7
628: 656
629: 653,909
630: 892,560,813,1126
631: 280,981
632: 522,227
633: 474,837,501
634: 759,38,1030
635: 1114,1072,1103
1025: 680,850,481,967
637: 208,1134
638: 669,1045,673
639: 1109,1148,1088
640: 966
641: 969,807
642: 331,727,827,731,135
643: 60,505,221,1136,688
644: 562
645: 250
646: 583,146
1021: 946,567,58
648: 621,683,449,194,956
649: 1083,872,795,762
650: 749
651: 1143
652: 805
653: 629,328
654: 793,470,902,573
1045: 669,121,74,407,638,673
656: 807,419,228,553,628
657: 711,320,88,264
658: 25,769,201,776
659: 160,546,165,483
1145: 17,156,305
1031: 944,288,286,401
662: 1108
663: 484,732,1115,563
664: 217
665: 940,760,465,1143,1114
666: 1041,824,524
667: 417
668: 873,722,32,1049
669: 121,1045,638
670: 526,867,921,837,76
671: 745,361
672: 747,497,826,226
673: 1044,1045,638
674: 236,1035,562
675: 900,245,773,682,973
676: 937,236
677: 
678: 888,712,619,904
1111: 975,418,312,3,815
680: 1025,884,1033
681: 363,598,448,812
682: 773,675,289,973
683: 648,621,449,1033,1135
684: 553
1132: 99,986,158,337
686: 1075,842,848,39
687: 566,454,358,1120,324
688: 762,890,643,505,221,49
689: 234,1101
1029: 874,398,736,545,786
691: 200,331,727
692: 886
693: 935,191
1104: 443,1110
695: 282,1113,404,311,1092
1121: 796,791,1046
697: 921
698: 
699: 540,445,720
700: 584,613,434,93
701: 531,1,211,709,713
702: 1117,89
703: 71,726,409
704: 390,463
1026: 726,1056,203,135
706: 928
1022: 770,753,366,903
1144: 29,519,376,491,11
709: 211,512,701
710: 58,77
711: 657,264,145,460,1023
712: 612,888,229,678
713: 34,211,905,531,701
714: 
715: 831,392,402,283
716: 775,1015
717: 205,980,264,1023
718: 241,267,894,322,1032
719: 1053,567,28,933
720: 699,540,445,782,1017
721: 929,945
722: 32,1049,668
1129: 200,929,271
724: 
725: 524,1018,575,102
726: 1026,1056,703,71
727: 331,642,691,731
1142: 796,907,886
729: 455,410,761,439
730: 398,139,510
731: 642,727
732: 386,1115,563,663
733: 90,162,751,61
734: 589,335
735: 744,927
736: 106,545,874,1029
737: 602,442
738: 426,875,447
739: 822,1061
740: 303,337,985,1133
741: 335,1060,1077,589
742: 353,1032,536
743: 1097,257,87,944,72
744: 116,326,735
745: 671,361
746: 500
747: 130,497,672,450,947
748: 235,333,1119
749: 650,239
750: 411,561,547,925,772,1055
751: 61,733,162
1097: 257,743,72,22
753: 366,1022
754: 25
755: 157,224,475,440,243
756: 844
757: 555,131
758: 9,249,961,922
759: 234,516,634
760: 105,465,1143,665
761: 829,608,729
762: 688,890,505,795,649,872
1088: 1109,639,1148,158,1073,606
764: 51
1095: 584,613
766: 1149,1102,1069
767: 926,215,1098
1108: 1105,662
769: 232,658
770: 1022
771: 602,603
772: 549,172,1055,547,750
773: 675,682
774: 255,1014,1139,388,19
775: 716,1074
776: 570,201,658
777: 832,20,850,871,1028,887
778: 280,794,609,841
779: 113,286,350,565,477
780: 917,323,347,984,62
781: 802,437,175
782: 137,438,720,1017
783: 333,1003,13
1120: 250,358,820,687
1027: 610,856,877
786: 16,1029,545,213
787: 
788: 510,518
789: 888,229,368,893
790: 1061,490
791: 796,1121,436,595
1019: 44,361
793: 654,470,111,955
794: 461,609,989,841,778
795: 297,505,616,762,649
796: 791,1142,1121,436
797: 283,341,12,554
798: 472,864,819
799: 118,909
1034: 195,146,596,457
801: 21,930,537
802: 781,266,437,84
803: 843
1041: 520,666,300,1062,824
805: 652,334
806: 54,855,1137
807: 419,656,228,969,641
1062: 991,1113,824,1041,300
1015: 716,167
810: 1040,21,14,1070
1106: 844,52,307
812: 448,681
813: 1126,78,630,591,1016
814: 443,597,620
815: 3,1111,312,423
816: 1038
817: 253,33
818: 291,61,301
819: 849,292,798,864
820: 250,1120,467,39
821: 138,904,874
822: 739,168,624
823: 1112,164,422,607,224
824: 1062,1113,1041,666,524,404
825: 34
826: 430,964,880,672
827: 642,135
828: 1004,963
829: 761,990,556,296,608
1138: 1020,216
831: 715,949,272,457
832: 777,850,884
1057: 63,127,218
1141: 465,578,105
835: 151,897
1113: 1062,991,824,404,695
837: 501,76,670,633
838: 138,266
1020: 517,952,216,1138
1105: 891,1108
841: 794,461,778
842: 123,848,686,39,996
843: 1052,803
844: 756,1106
1109: 639,1088,1052,1073
1056: 726,1026,409
847: 261,260
848: 842,123,686,1075
849: 819,864,10,1001
850: 832,777,20,1025
851: 959,23,594,853,121,407
1149: 766,1102
853: 121,129,959,851
854: 580,622,94
855: 1137,54,806
856: 610,1027,1044,128,877
1054: 334,112
858: 394,85
859: 22,425,191
860: 935
1018: 1078,524,725,498
862: 400,481,195
863: 60,625,30,1136
864: 10,26,472,798,849,819
1146: 1082,534,338,107
866: 874,357
867: 526,670,446,1005,76
868: 474,501,83
869: 305,882,163,189
870: 7,236
871: 605,1028,887,422,777
872: 649,762,890,75,1002
873: 668,1049,542
874: 866,1029,821,736,545
875: 370,447,738
876: 913,153
877: 374,128,856,1027,587
878: 27,1081
879: 256,106
880: 939,977,964,826
881: 63,306,1011
882: 869,163
1127: 104
884: 277,1033,832,914,680
885: 399,204
886: 692,1142
887: 164,422,871,777,604
888: 789,229,678,712
889: 93,453
890: 762,688,872,75,918,1002
891: 1105
892: 630,560
893: 173,938,368,789
894: 1116,241,718,255,322
1053: 321,567,28,552,719
1073: 606,1109,1088,1052
897: 1090,1087,151,835
898: 281,294,50,355
899: 133,466,139
900: 675,245,126
901: 216,11,983
902: 573,1017,654
903: 37,462,366,1022
904: 138,821,678,612,619
905: 313,211,713,34
1044: 673,101,610,856
907: 1142
908: 
909: 799,629
910: 511,972,924,623
1122: 451,240,490
912: 623,473
913: 876,99
914: 604,421,884,277
1071: 999,1093,336
1040: 21,810,314
917: 323,780,384,258
918: 1002,49,890,1084
1072: 207,1103,635,579,989
920: 
921: 431,697,670
922: 306,1011,758,9,346
923: 1066,365
924: 1125,910,1086
925: 547,463,411,750
926: 215,767
927: 339,735
928: 304,706
929: 721,945,1129
930: 21,801
931: 1042,232,157,224
932: 217,462,392
933: 1038,719
934: 960,440
935: 310,860,395,693
936: 
937: 676,1035,513,978
938: 893,313
939: 880,377
940: 665,1103
941: 416,420,122
942: 145,977,24,348,377
1039: 103,523
944: 1031,477,87,743
945: 1000,929,721,958
946: 153,321,567,1021
947: 450,430,111,747
948: 348,377,220
949: 308,272,283,341,831
950: 998
951: 304,96
952: 491,517,1020,216
953: 1126,247,1010,394
954: 374,128,452
955: 111,793
956: 194,983,648
957: 594,962,286,74,407,401
958: 945,1010,95,560
959: 851,23,476,328,129,853
960: 495,475,934
961: 507,758,346
962: 594,68,957,43,113,286
963: 65,340,828,1004,410
964: 460,977,880,826
965: 164,971,604,421,469
966: 199,640
967: 481,1025
1013: 556,592,386
969: 154,641,807,533,415
970: 116,326,381
971: 1112,164,965,469
972: 511,910,623
973: 289,330,114,675,245,682
974: 28,552
975: 418,1111,233
976: 
977: 145,942,964,880
978: 513,1035,937
1042: 607,931,210,224,605
980: 88,264,1,371,717
981: 631
982: 1099,565,477,87
983: 194,956,29,11,901
984: 780,62
985: 303,740
986: 1132,99,307
987: 125,170,478
1090: 897,1006,1087
989: 579,1072,794
990: 829,550,351
991: 1062,1113,500,1140,300
992: 193
993: 444,369
994: 1030,69
995: 315,10,26,585
996: 1036,842,123,269
1148: 639,1088,303,337
998: 950
999: 405,120,1093,1071
1000: 597,945,181
1001: 427,849,292,298
1002: 75,918,890,872,1084,1116,1139
1003: 333,783,179
1004: 828,410,963
1005: 867,446,76
1006: 1090,459,1087,1012
1007: 159,67,441,309
1008: 69,81,38,222
1009: 373,320
1010: 95,958,1126,953,560
1011: 306,922,881,346,187
1012: 1087,393,260,1006
1150: 167