0: 797,76,867,83
1: 70,1001,352,320,657
2: 583
3: 244,169,860
4: 117,289
5: 240,234,689,525,586,67,1018
6: 855,806
7: 288,627,101,435
8: 1098,215,150
9: 218,306,922
10: 671,849,995
11: 216,952,29,376,491
12: 867,572,865,797
13: 309,480,131,1096
14: 403,614
15: 224,607,25,232,157
16: 786,213,510
17: 305
18: 94,362,622
19: 774,388,708,147,295
20: 784,664,871,647,850
21: 122,1034,801,883,930
22: 859,1097
23: 959,476,851,186,594,68
24: 119,348,948
25: 232,658,201,754,15
26: 
27: 878
28: 974,552,1053
29: 1020,376,194,983,216,11
30: 1067
31: 933,819
32: 873,722,308,668
33: 225,769,253,493,770
34: 905,313,1024
35: 318,1077,233
36: 1098,767
37: 391,572,865
38: 222,69,634,57,759
39: 820,936
40: 220,1043,399,281,316,174
41: 436,692
1082: 107,1084,338
43: 615,551,68,113
44: 320,509,724,471
45: 499,595,791
46: 80,91,429,64,123,996
47: 144
1043: 384,220,40,399
49: 221,360,688
50: 259,483,898,593,355
51: 400,299,827
52: 986,364,458,1021,307
1068: 156,161
54: 694,1087,897,1090
55: 361,995,671
56: 
57: 759,585,222,38
58: 710,77
59: 994,441,179
60: 863,643,1095,616
61: 733,751,90,1013
62: 948,1009,684
63: 306,1011,922,881
64: 429,123,46
65: 963
1085: 356,500,300,367
67: 159,586,5,1018
68: 594,962,186,43,23
69: 222,38,622,854,1030
70: 1,373,709,352
71: 726,703,661
72: 743,206,627,1044
73: 223,212,115
74: 121,401,673
75: 890,918,1100,774,708,255
76: 0,83,722
77: 492,490,375,1045,58
78: 813,394,85
79: 832,884,277
80: 91,133,46,429
81: 362,585,222
82: 1019,184,780,347
83: 0,76
84: 888,266,487,438,802
85: 394,78,591
86: 165,546,453,700,659
87: 257,477,982,944
88: 657,205,980,711,717,264
89: 592,1094,380
90: 148,733,61,927
91: 80,133,46,269,996,466
92: 507,559
93: 434,359,1003,584,889
94: 18,622,854,347
95: 945,929,1026,271,1010
96: 304
1099: 982,310
1064: 396
99: 158,606,458
100: 593,1040,183,355,267
101: 435,7
102: 168,1061,524,1078,1101
103: 314,142,723,523
104: 875,160
105: 760,465
106: 736,677,838
107: 1082,360
108: 
109: 1075,897,835,151
110: 614,162
111: 947,955,793
112: 334,1054
113: 779,43,551,350
114: 574,538,330,245
115: 73
116: 744,326,970,381
117: 4,330
118: 799,909
119: 24,984,780
120: 405,999,1093,588
121: 957,74,853,407,638,673
122: 415,21,1034,419,420
123: 842,64,46,996
124: 1047,885,483,898,294
125: 987,230,485,478
126: 416
127: 133,218,466,1057
128: 374,954,284,433,877,856
129: 328,959,166
130: 747,1017,446
131: 1096,632,480,13
132: 227,150,282,311,522
133: 80,91,899,127,466
134: 299,827,285,340
135: 203,642,1056,703
1098: 36,8,215,767
137: 540,437,768,263
138: 821,266,781
139: 398,730
140: 592,556,705,482
1060: 335,741,508
142: 538,103,314,723
1093: 999,120,1071
144: 178,47
145: 964,1023,711,264
146: 1080,680
147: 19,708,1084,534,1014,295
148: 90,301,685
1038: 258,160,204,885,486
150: 132,227,282,8
151: 599,558,214,835,109
1086: 644,674,910,924
153: 876,913,564
154: 231,667,1039,969,1002
155: 666,530,575,822
156: 1068,189
157: 755,15,607
158: 99,606,337,639,1088
159: 480,67,522,586,1007
160: 235,104,1038,204
161: 528,1068
162: 733,110,751
163: 563,882,869
164: 422,823,971,1035,887,1033
165: 86,546,659,1047
166: 816,129
167: 
168: 102,1061,725,822,739,790
169: 349,527,3,244
170: 987
171: 379
172: 772,549,428,1055,517
173: 368,893,487,1024
174: 316,488,1039,40,281
175: 1042,776,242,263,253
1096: 555,333,131,13
177: 615
178: 144,342
179: 738,59,994
180: 191,693,423
181: 721,958
1081: 332
183: 231,667,355,100,1063,267
184: 780,347,82,984
185: 530
186: 1079,476,23,68
187: 922,578,881
1100: 894,872,890,75
189: 528,156
190: 272
191: 180,425,859
192: 663,296,608
193: 502,388,515
194: 983,764,1020,29,956
195: 596,457,481
1048: 1062,991,824,695
1059: 
198: 298
199: 640,966
200: 1055,571,517,491,1016,952
201: 25,658,1028,754
1078: 498,1101,524,102,479
203: 642,135,727,276,731,800
204: 659,1047,235,160,1038,885
205: 88,980,371,717,430,379
206: 288,627,743,72
207: 579
208: 637,1058
209: 300,1062
210: 224,931,424,605
211: 701,905
212: 73,223,270
213: 786,16,677,1029
214: 599,151,815,423,835
215: 926,767,1098,8
216: 331,11,29,983
217: 664,462,647
218: 9,127,1057,306
219: 998,327,651
220: 384,40,1043,1009,316
221: 360,49,643,688
222: 69,38,57,81,622
223: 73,212,336
224: 15,931,210,607,232,605
225: 33,769,424,770,931
226: 880,826,672
227: 132,150,522,1007
228: 553,628,684,1009,316,656
229: 236,676,937
230: 125,485,535,514
231: 154,183,667,355
232: 25,15,224,931
233: 1031,1077,35
234: 240,5,516,1018
235: 160,453,204,659
236: 870,676,644,674,229,937
1061: 102,168,1045,790,375
238: 690,735,1065
239: 749
240: 234,689,5,498,451,516
241: 718,267,322,894,378
242: 782,263,175,1042,817,253
243: 440,1066,755,1035
244: 3,169,975
245: 973,675,114
246: 632,757
247: 1026,691,727,731,271
248: 357,912
249: 454,936,414
250: 358,820,687
1083: 297,259,593,1040
252: 621
253: 33,769,242,175,493,817
254: 1005,697,497,489
255: 75,322,894,774
256: 879,382,495
257: 1097,87,395
258: 1038,917,323,486
259: 50,483,297,1083,593
260: 261,459,1090,1087
261: 260,811,459
262: 509
263: 242,782,137,437,768,175,1042
264: 717,460,711,88,145,964
265: 925,463
266: 84,619,802,781,138
267: 1063,718,241,100,1040,183
268: 329,636
269: 414,996,91,466
270: 212,396
271: 858,731,1026,247,95
272: 190,949,457,831
1101: 325,1078,498,102,375
1080: 146,400,862
275: 972,511,623
276: 731,203,800
277: 680,862,884,79,683
278: 560,1010
279: 661,409,611
280: 631,411,561,814,714
281: 641,294,399,40,174,1039
282: 695,311,132,150
283: 715,341,949,554,1022
284: 669,638,433,128
285: 1056,901,134,827
286: 962,779,401,957
287: 446,526
288: 206,627,435,7
289: 973,682,4
290: 629,653
291: 380,818
292: 427,819
1052: 1073,843
294: 281,641,898,124,399,885
295: 992,1014,19,388,147
296: 192,829,608
297: 649,259,1083
298: 671,361,198
299: 134,51
300: 209,356,1085
301: 1013,397,148,685
302: 814,714,908,1000,721,597
303: 985,337,639
304: 96,951
305: 869,17
306: 1057,63,1011,218,9,922
307: 844,52,364,1021,756,624
308: 1022,32,550,412
309: 13,480,1046,441
310: 935,1006,1099,395
311: 1092,695,282,132,525
312: 1090,1036,1012,459
313: 34,905
314: 103,810,142
315: 585
316: 656,488,174,220,40,228
1049: 728,1005,697,968
318: 508,35,521,811
1070: 633,930,474,403
320: 352,44,1,471
321: 913,799
322: 894,718,241,255,353
323: 917,370,447,258
324: 698,358,687,566
325: 498,1101,490,375,451
326: 744,116,970
327: 363,760,219
328: 129,959,476
329: 268,938,792
330: 973,114,117
331: 216,691,642,727
332: 1081
333: 555,1096
334: 112,1054,805
335: 1060,741,734
336: 1071,223
337: 303,985,639,740,158
338: 534,1082,532
339: 927
340: 134
341: 283,1022
342: 178
1037: 489,672,747
344: 
345: 588,372
346: 559,578,758,961,507
347: 184,854,94,1019,82
348: 942,24,948,377
349: 169,527,535
350: 551,113,779,565
351: 412,581,550,990
352: 320,745,373,70,1
353: 742,322,515
1063: 718,267,183
355: 231,183,50,593,100
356: 1085,300,367
357: 248,912,730
358: 250,687,324
359: 783,568,434,748,93,889
360: 221,49,1067,107
361: 55,745,671,298,373
362: 81,622,18
363: 327,881
364: 52,307,844
365: 923,1004
366: 601,903,470
367: 746,356,1085
368: 173,789,893
369: 516,993
370: 447,323
371: 531,205,379
372: 345,588,405
373: 745,361,352,70
374: 954,128,877,600,587,1027
375: 490,77,1061,1045,325,1101
376: 491,1016,29,11
377: 939,942,348,977,880
378: 894,872,1040,241
379: 171,205,531,371,430
380: 818,291,1094,89
381: 116,970
382: 754,879,256,495
1077: 508,35,589,741,233,1031
384: 220,1043,917
1074: 775
386: 732,592,1032
387: 998,950
388: 19,774,295,992,193
1066: 440,243,923
390: 704
391: 37,446,548
392: 554,932,402,715
393: 855,847
394: 85,813,78
395: 310,935,257
396: 1064,270
397: 301,1013,818,528,685
398: 866,139,510
399: 885,486,40,1043,281,294
400: 1080,51
401: 957,74,286
402: 932,462,392,1025,715,967
403: 14,1070,474
404: 1092,695,524,824
405: 999,120,372,588
1075: 109,897,686
407: 853,851,594,121,957
408: 
409: 611,661,279
410: 828,729,963
411: 561,750,925,463,631,280
412: 351,308,550
413: 512,600,587
414: 269,996,842,936,249
415: 122,533,419,420
416: 941,126
417: 536,667
418: 1012,1036
419: 968,807,533,415,122
420: 415,122,1034,941
421: 469,519,1004,914,965,569
422: 823,164,607,605,887
423: 815,180,214
424: 770,225,931,210
425: 191,693,859
426: 875
427: 452,292
428: 549,172,1016,517
429: 64,80,46
430: 717,460,205,573,379
431: 921,537,633,837,501
1084: 534,1082,918,708,147
433: 284,638,1008,673,128,856
434: 568,595,359,93
435: 856,101,1008,288,7
436: 791,692,595,41
437: 802,137,263,1042
438: 487,1024,84
439: 828,809
440: 1066,243,475,934,755
441: 59,861,1046,309
442: 737
443: 814,597,620
444: 492,490,993
445: 720,531
446: 548,526,287,130,391
447: 1019,370,323
448: 812,598,681
449: 683,648,884,604,914
450: 1017,947,955
451: 490,325,498,240,516,993
452: 427,954,600
453: 1003,584,235,86,659
454: 249,820,687
455: 
456: 
457: 831,481,272,195
458: 52,986,1021,99
459: 1012,811,260,261,312,1090
460: 717,430,264,964,839
461: 794
462: 932,402,217,1025,647,967
463: 841,778,265,925,411,631
1067: 30,360
465: 105
466: 91,133,269,127
467: 806,855,847,848
1079: 186,476
469: 421,1004,971,965
470: 493,654,366,601
471: 711,660,320,44
472: 798
473: 562,912,623
474: 633,1070,501,403
475: 960,934,440
476: 959,23,1079,186,328
477: 779,982,565,944,87
478: 485,987,125
479: 1092,1078,498,525,689
480: 159,632,1007,131,13,309
481: 707,457,967,195
482: 1076,1094,705,140
483: 50,259,124,1047,898
484: 663
485: 478,125,230,514
486: 399,885,1038,258
487: 438,1024,173,893,84,888
488: 316,656,174,1039,969
489: 1037,254,697
490: 444,492,375,451,77,325,993
491: 376,1016,200,952,11
492: 444,490,77
493: 470,817,33,253,601,770
1087: 840,54,260,1090
495: 960,256,382
1069: 1102
497: 939,880,254
498: 325,1078,1101,479,451,240,689
499: 45
500: 1085,991
501: 837,431,633,474
502: 193,992
503: 624,575
504: 
505: 795,616,643,762,688
506: 745,509
507: 961,346,559,92
508: 318,1077,1060,741,521
509: 262,506,44,724
510: 398,788,16
511: 910,972,275,562,623
512: 413,587,610,1027
513: 978,937
514: 527,535,230,485,1006
515: 353,193
516: 369,993,451,240,234
517: 1055,200,428,172,1016
518: 788,1011
519: 421,1004
520: 824,666,1062
521: 318,508
522: 586,132,227,1007,159
523: 103,723
524: 102,725,404,1078
525: 586,479,1092,311,689,5
526: 446,548,287
527: 535,514,169,349,860,1006
528: 161,189,685,397
529: 
530: 155,666,185
531: 371,699,713,379,445
532: 1089,534,338
533: 969,1002,807,419,415
534: 1084,338,1014,532,147
535: 527,514,230,349
536: 417
537: 801,921,431
538: 142,114,574,723
1047: 204,659,124,165,885,483
540: 699,825,137,768
541: 870,676,1044,636
542: 868
1092: 404,479,695,311,525
544: 
545: 874,736,786
546: 165,86,613,700
547: 925,772,750
548: 446,526,391,572
549: 772,172,428
550: 668,308,351,412,581
551: 350,43,615,113
552: 28,974,1053
553: 628,684,228,1005
554: 392,283,715
555: 333,1096
556: 140,592,581,1032
557: 1041
558: 599,151,972
559: 346,578,507,92
560: 953,1010,892,278,630
561: 411,750,280,577,714
562: 473,511,924,623
563: 163,732
564: 876,153
565: 982,350,477,779
566: 698,324
567: 719
568: 595,434,748,359
569: 1020,914,421,648
570: 1028,838
571: 1055,200
572: 37,865,548,12,867
573: 430,839
574: 114,723,538
575: 822,739,503,155
576: 1091
577: 1000,561,714
578: 346,559,187
579: 207,1072
580: 1030,738,1019
581: 351,550,556,1032
1036: 312,897,835,418,1012,815
583: 646,596,2
584: 1003,453,93,700
585: 315,57,81
586: 525,522,5,159,67
587: 413,512,600,374,1027
588: 345,372,405,120
589: 734,741,1031,1077
590: 724
591: 85
592: 140,89,556,1032,386
593: 100,1040,50,259,1083,355
594: 962,68,23,851,407,957
595: 568,434,45,436
596: 195,583
597: 721,302,443,620
598: 681,448
599: 151,558,214
600: 413,587,452,374
601: 366,470,493,770
602: 737,771,603
603: 602,771
604: 1033,914,965,884,449
605: 871,224,210,607,422
606: 158,99,1088
607: 15,224,157,605,422
608: 829,761,192,296
609: 794
610: 938,792,1027,512
611: 409,279
612: 904
613: 700,546
614: 110,14
615: 43,177,551
616: 795,505,60
1055: 571,517,200,172
618: 
619: 888,266,678,904
620: 443,597
621: 683,764,648,862,252
622: 362,222,69,854,18,94
623: 511,275,562,473
624: 756,503,307,1021
625: 692
1046: 634,309,441,861
627: 206,288,72,7,1044
628: 553,228,656,807
629: 290,653
630: 813,560,953,892
631: 280,778,463,411
632: 1007,246,480,131
633: 930,1070,474,431,501
634: 1046,759,861,38
635: 989,665,950,940,1072
636: 676,541,1044,268
637: 208
638: 284,669,433,853,121,673
639: 303,337,158,1088
640: 199
641: 281,898,294,1039
642: 203,135,727,331
643: 863,60,505,221
644: 674,1086,236,870
645: 806
646: 583
647: 1025,850,217,20,664,462
648: 621,683,764,449,914,569,1020
649: 297,795,762
650: 749
651: 665,950,219
652: 805
653: 290,629
654: 902,470,817
1045: 790,1061,375,77
656: 316,488,628,228,969,807
657: 88,980,1001,1,711,660
658: 25,201,776,769
659: 204,1047,453,235,165,86
660: 471,711,657
661: 279,409,71
662: 
663: 192,732,484
664: 20,784,217,647
665: 651,940,635
666: 155,530,822,520,725
667: 154,231,183,1002,417
668: 550,873,32,705
669: 284,638,853
670: 921,837
671: 10,298,995,55,361
672: 1037,226,747
673: 1008,121,74,638,433
674: 644,1086,236,924,978,937
675: 773,682,973,245
676: 236,870,541,636,229
677: 106,786,213
678: 712,893,888,619
679: 751
680: 277,862,146
681: 598,448,812
682: 773,675,289,973
683: 621,648,449,277,862
684: 553,228,62,1009,1005
685: 528,148,301,1013,397
686: 848,1075
687: 250,358,454,324
688: 762,505,221,49
689: 240,5,479,498,525
690: 735,238,733,927
691: 331,952,247,727
692: 436,41,625
693: 180,935,425
694: 54
695: 404,1092,311,1048,282
696: 986
697: 254,489,1049
698: 324,566
699: 713,540,531,720,768
700: 613,584,86,546
701: 211,709,1001
702: 
703: 988,135,726,71
704: 390
705: 668,482,140
706: 1029,928
707: 481,1025,967
708: 19,774,147,918,75,1084
709: 70,701
710: 58
711: 471,660,88,657,145,264
712: 678,893,789
713: 699,825,531
714: 302,814,561,280,908,1000,577
715: 283,554,392,402,831
716: 775
717: 460,430,264,88,205
718: 1063,267,241,322,742
719: 1053,567
720: 902,445,768,699,782
721: 181,597,958,908,302,945
722: 873,32,76
723: 574,142,538,103,523
724: 590,509,44
725: 168,666,822,524
726: 71,1056,703
727: 203,642,331,691,247,731
728: 1049,968
729: 410
730: 357,866,139
731: 858,276,271,247,203,727
732: 386,663,563
733: 162,61,690,90
734: 589,335
735: 690,1065,238,785,927
736: 106,545,821
737: 602,442
738: 179,994,580,1030
739: 575,822,168,790
740: 985,337,986
741: 335,1060,589,508,1077
742: 353,718
743: 944,206,72
744: 116,326,785
745: 361,373,352,506
746: 367,1041
747: 130,672,1037,1017
748: 568,359
749: 650,239
750: 411,561,547,925,772
751: 679,162,61
1097: 257,22
753: 955
754: 382,1028,879,25,201
755: 157,440,243,823,1035
756: 624,1015,307
757: 246
758: 961,346
759: 57,634,38
760: 105,327
761: 829,608
762: 688,505,649
1088: 1073,639,158,606
764: 621,648,1020,956,194
1095: 60
766: 1102
767: 926,215,36,1098
768: 720,699,540,137,782,263
769: 33,225,253,776,658
770: 424,493,33,225,601
771: 602,603
772: 549,172,547,750
773: 675,682
774: 19,388,708,75,255
775: 716,1074
776: 175,769,658
777: 832,884,887,1033
778: 841,463,631
779: 113,477,350,286,565
780: 184,82,119,984
781: 802,266,138
782: 242,263,720,902,768
783: 359,889
784: 20,664
785: 735,1065,744
786: 16,213,545,677
787: 
788: 510,518
789: 368,712
790: 1045,739,946,168,1061
791: 436,796,45
792: 938,610,1027,329
793: 111,955
794: 461,609
795: 616,505,649
796: 791
797: 0,12
798: 933,472
799: 118,913,321
800: 203,276
801: 537,21,930
802: 437,781,84,266
803: 843,1073,909
1041: 926,746,557
805: 652,334
806: 467,855,6,645
807: 968,419,656,628,969,533
1062: 991,1048,209,520
809: 439,828
810: 883,314
811: 1012,459,318,261
812: 448,681
813: 78,630,953,394
814: 302,714,280,443
815: 423,835,1036,214
816: 166
817: 493,242,654,253
818: 380,291,1013,397
819: 31,292
820: 39,936,250,454
821: 138,736
822: 575,739,155,666,168,725
823: 422,164,1035,755
824: 520,1048,404
825: 713,540
826: 226,880,977,964,1023
827: 134,51,956,901,285
828: 439,809,410,963
829: 761,296,608
1058: 208
831: 457,715,949,272
832: 884,777,79,850
1057: 306,1011,127,218
1094: 1076,482,89,380
835: 897,1036,815,151,214,109
836: 
837: 501,431,670
838: 106,570
839: 460,573
840: 1087
841: 778,463
842: 123,936,414,996
843: 803,1052
844: 307,364
1076: 482,1094
1056: 285,135,726
847: 393,855,848,467
848: 686,847,467
849: 864,10
850: 1025,647,20,832
851: 959,23,594,407
1065: 735,238,785
853: 407,121,669,638
854: 1030,69,622,94,347
855: 393,847,6,806,467
856: 877,435,433,1008,128
1054: 334,112
858: 731,271,953
859: 22,425,191
860: 935,1006,527,3
861: 994,441,1046,634
862: 277,680,621,683,1080
863: 643,60
864: 849
865: 37,572,12
866: 398,730,874
867: 12,572,0
868: 966,542
869: 305,163,882
870: 236,676,541,1044,644
871: 605,887,20
872: 894,378,1100,890
873: 32,722,668
874: 545,866
875: 104,426
876: 913,564,153
877: 856,374,128,1027
878: 27
879: 256,1028,754,382
880: 226,826,977,939,497,377
881: 363,63,187,922
882: 163,869
883: 810,21,1034
884: 832,777,79,1033,604,277,449
885: 399,486,1038,204,124,1047,294
886: 907
887: 871,422,164,777,1033
888: 84,619,678,893,487
889: 1003,359,783,93
890: 918,75,1100,872
891: 997
892: 560,630
893: 712,678,173,368,487,888
894: 322,378,1100,872,241,255
1053: 28,552,719
1073: 1088,1052,803
897: 835,1090,1036,54,109,1075
898: 641,294,124,50,483
899: 133
900: 
901: 983,956,827,285
902: 720,782,654
903: 366
904: 612,619
905: 34,313,211
1044: 870,541,627,72,636
907: 886
908: 1000,302,714,945,929,721
909: 118,803
910: 511,911,924,1086
911: 910
912: 473,357,248
913: 876,799,153,321
914: 604,965,421,648,449,569
1071: 999,1093,336
1040: 593,100,1083,378,267
917: 323,258,384
918: 890,75,1084,708
1072: 579,940,635,989
920: 
921: 431,670,537
922: 187,9,306,63,881
923: 1066,365
924: 910,674,1086,978,562
925: 265,547,463,411,750
926: 1041,215,767
927: 339,690,735,90
928: 706
929: 95,945,908,1000,1026
930: 633,1070,21,801
931: 224,210,225,232,424
932: 462,402,392
933: 798,31
934: 960,475,440
935: 310,860,1006,395,693
936: 820,39,842,414,249
937: 513,978,236,674,229
938: 610,792,329
939: 497,377,948,880
940: 665,635,1072
941: 416,420
942: 348,977,1023,377
1039: 488,174,281,641,154,969
944: 743,477,87
945: 95,929,908,721,958,1010
946: 790
947: 111,955,1017,450
948: 62,24,348,939
949: 283,831,1022,272
950: 651,998,387,635
951: 304
952: 691,11,491,200
953: 560,858,813,630
954: 374,128,452
955: 111,947,793,450,753
956: 764,194,983,901,827
957: 121,401,594,962,286,407
958: 181,721,945,1010
959: 476,23,851,328,129
960: 495,475,934
961: 507,758,346
962: 594,68,286,957
963: 65,828,410
964: 145,977,1023,460,264,826
965: 1033,604,914,971,469,421
966: 868,199
967: 462,402,1025,481,707
968: 807,419,728,1049
969: 533,1002,656,488,1039,154,807
970: 116,326,381
971: 164,1035,965,469
972: 275,558,511
973: 289,330,245,675,682
974: 28,552
975: 244
976: 
977: 964,1023,942,377,880,826
978: 513,937,674,924
1042: 175,437,242,263
980: 88,657,205,1001
981: 
982: 1099,565,477,87
983: 194,901,29,956,216
984: 119,184,780
985: 303,337,740
986: 52,458,740,696
987: 125,170,478
988: 703
989: 635,1072
990: 351
991: 1062,1048,500
992: 295,388,502
993: 369,516,444,490,451
994: 59,861,179,738
995: 10,671,55
996: 269,414,842,123,91,46
997: 891
998: 219,950,387
999: 405,120,1093,1071
1000: 908,577,302,714,929
1001: 1,701,657,980
1002: 969,533,154,667
1003: 453,584,889,93
1004: 469,519,421,365
1005: 254,553,684,1049
1006: 310,860,935,527,514
1007: 632,227,522,159,480
1008: 673,433,856,435
1009: 62,220,684,228
1010: 560,95,945,958,278
1011: 1057,306,63,518
1012: 811,459,418,312,1036
1013: 301,397,61,818,685
1014: 534,147,295
1015: 756
1016: 376,491,428,517,200
1017: 450,947,747,130
1018: 234,5,67
1019: 82,447,580,347
1020: 569,29,764,648,194
1021: 52,458,307,624
1022: 308,283,341,949
1023: 145,977,964,942,826
1024: 487,438,173,34
1025: 647,850,462,402,967,707
1026: 247,95,929,271
1027: 610,792,374,877,512,587
1028: 570,879,201,754
1029: 213,706
1030: 580,854,69,738
1031: 233,589,1077
1032: 581,592,556,386
1033: 604,965,887,164,884,777
1034: 122,21,420,883
1035: 823,164,971,755,243
1089: 532
1090: 312,897,459,260,1087,54
1091: 576
1102: 766,1069