0: 797,867,83
1: 70,273,352,320,660,657
2: 729,655,410
3: 860,935,975,693
4: 117,289
5: 67,586,240,634
6: 855,806
7: 288,435,101
8: 1030,632,150,215,36
9: 218,922,306
10: 671,849,995
11: 517,216,200,952,331
12: 
13: 441,131,309,59,1019
14: 614,810,1049,523
15: 224,232,157,607
16: 518,598,510,213,251
17: 305
18: 622,362,94
19: 774,388,1040,295
20: 784
21: 883,420,419,415,941
22: 743,395,425,626,72,541
23: 959,851,476,186,594,68
24: 984,119
25: 232,658,754
26: 
27: 878,1034,1014
28: 1053,552,1018,719
29: 194,216,764,956,983
30: 1067
31: 819
32: 722,283,873,668
33: 225,769,770,253,493
34: 905,313
35: 233,1077,418,811
36: 1048,805,8
37: 391,572,865
38: 69,222
39: 820,936
40: 316,220,174
41: 1047,613,436,895
42: 1055
43: 1008,177,551,186,113,962,68
44: 471,509,320,724
45: 499,595,791
46: 80,91,429,123,996
47: 532,147,178
48: 500,926
49: 107,918,688,360
50: 898,641,259,355
51: 252,621,1020,400
52: 307,986,458,503,624
1068: 156,161
54: 897,459,260
55: 361,995,671
56: 661,1010,988,71
57: 759,222
58: 77,617,710
59: 555,317,1019,333,131,13
60: 616,165,863,643
61: 818,751,679,733,162
62: 948,939,684,497
63: 922,306,188,881
64: 429,123
65: 963
66: 583
67: 309,5,861,634,441
68: 594,962,186,43,1008,113,23
69: 38,994
70: 273,1,709,373
71: 988,726,703,56,661
72: 541,743,22,627
73: 115,223
74: 206,401
75: 894,322,890,774,708,1039,255
76: 797,722,283
77: 58,946,492
78: 85,394,813
79: 850,862,277
80: 91,133,46,1011,429,730
81: 362,585
82: 738,580,875
83: 582,0
84: 888,619,438,487,266
85: 78,394,276,591
86: 453,584,204,700,659
87: 982,1044,514,477,565
88: 657,660,711,205,717
89: 1076,380
90: 148,690,733,927
91: 80,133,46,269,996
92: 507,559
93: 453,584,434,889,1047
94: 854,622,18
95: 247,929,958,858,560
96: 304
97: 724,590,262
1064: 396,169,589
99: 458,696,606,876,1015
100: 378,241,593
101: 435,7,877
102: 168,524,1061,325,375
103: 314,810,723,142,523
104: 426,359,889,453,235
105: 760,465
106: 879,256,736,838,786,677
107: 49,918,360
108: 
109: 1075,897,835,151
110: 614,1037,1049,162
111: 947,793,955
112: 618,1054,1041
113: 350,43,551,962,68
114: 574,538,330
115: 73
116: 744,326,970,381
117: 4,330
118: 799,909,321,1021,1053
119: 917,24,984
120: 588,1031,170,336,987
121: 407,957,853,673,638
122: 930
123: 842,64,46,996
124: 399,885,1043,483,898,259
125: 1071,336,478
126: 533,245,979
127: 899,466,1057,139,788
128: 374,954,433,856
129: 328,816,959,166
130: 450,391
131: 159,480,59,1019,13
132: 282,695,311,227,522
133: 80,91,899,466
134: 299,827,285,340
135: 800,703,1056,726
136: 575,822
137: 540,438,263,802
138: 619,266
139: 398,127,1042,788
140: 592,581
1060: 335,741,508
142: 538,416,103,314,723
143: 243,365,923
144: 992,295,147,178,342,1014
145: 264,964,471,711
146: 680,1032,1080,195
147: 47,532,144,295,178
148: 90,301,685
149: 
150: 215,282,8,632
151: 599,558,214,835,109
152: 949,831,272
153: 564,913
154: 488,231,641,294
155: 666,530,575
156: 1068,189
157: 607,755,1033,15
158: 696,337,639,1073,606
159: 227,131,480,309,522
160: 258,235
161: 528,1068
162: 733,110,679,61
163: 563,882,869
164: 965,440,243
165: 795,616,60,546
166: 129,816
167: 1006
168: 102,822,725,790,1061
169: 349,1064,527
170: 615,1006,1031,120,987
171: 430,573,379,445
172: 1016,428,577,772
173: 368,893,313
174: 294,281,40,316,488
175: 253,776,263,437,242
176: 
177: 43,1008,551,615,1006
178: 47,147,144,342
179: 580,317,333,408,370
180: 191,423,975,543,693
181: 597,721,278
182: 1018
183: 593,355,231,1063
184: 780,984
185: 530
186: 1079,43,1008,23,68
187: 578,881,922
188: 788,1057,306,63
189: 528,156
190: 272,308,949,412
191: 180,859
192: 663,608
193: 502,515,1034,388,1039,992
194: 376,216,29,569,648,764
195: 707,457,596,146,680,583
196: 705,868,542,873,1013
1059: 
198: 298
199: 640,1013,966,868,1037
200: 952,11,1055,271,691
201: 879,754
1078: 325,524,498
203: 642,727,731
204: 258,235,86,453,486,659
205: 371,379,980,88,657
206: 74,401,944,743,627
207: 579
208: 637,1041,1058
209: 1062
210: 224,931,424
211: 701,980
212: 349,223,230
213: 677,16,706,251
214: 835,599,151
215: 150,557,8
216: 194,376,29,517,11,983,331
217: 462,664
218: 9,466,1057,306
219: 998,327,651
220: 281,40
221: 688,360,643,1067
222: 57,38
223: 73,230,212
224: 15,931,210,232
225: 33,769,770,424,931
226: 880,826
227: 159,480,132,632,522
228: 316,628
229: 789,676,329,937
230: 223,212
231: 154,183,1023
232: 25,15,224,931
233: 35,916,1077,589
234: 634,759,240,516,369
235: 204,160,889,104,453
236: 676,870,644,674,937
1061: 790,102,168,375
238: 690,1065,1049
239: 749
240: 689,516,5,234,634
241: 378,100,872,894,267
242: 782,817,175,253
243: 143,365,923,440,1066,971,164
244: 975,543
245: 979,126,675
246: 757,767
247: 95,271,691,727,858,731
248: 912,1024,513,904,612
249: 454,936,414
250: 358,820,687
251: 706,1028,16,598,213
252: 621,51,862,764,400,1080
253: 175,242,33,769
254: 497
255: 1039,353,75,322,774
256: 879,382,106,677
257: 743,395,310,944
258: 204,160,323,486
259: 50,898,124,483,297
260: 261,459,54
261: 811,459,318,260
262: 509,97
263: 437,802,137,175
264: 145,964,711,717,460
265: 841,925,463
266: 802,781,84,619,138
267: 894,322,241,593,718
268: 329
269: 414,996,91
270: 396
271: 247,929,691,1055,571,200
272: 190,1022,949,152
273: 70,1,709,980,657
1080: 146,680,400,1032,862,252
275: 1011,972,511,623
276: 800,703,85,591
277: 79,862,884,683
278: 958,721,181,560
279: 661,1010,611,409
280: 631,411,463,814
281: 220,384,174,294
282: 132,695,991,150
283: 32,722,76,341
284: 669,433,638
285: 827,1056,134
286: 477,779,962,957,401
287: 697,489
288: 7,435,673
289: 973,682,4
290: 1021,653,629
291: 1076,380
292: 427,819
293: 1046,757,555
294: 174,281,898,641,154
295: 144,992,1040,19,388,147
296: 761,829,556
297: 483,546,649,1043,795,259
298: 671,361,198
299: 134,439,340
300: 356
301: 685,397,818,148
302: 714,945,814,721,597
303: 985,337,639
304: 96,1029,951
305: 869,17
306: 922,63,1057,218,9,188
307: 52,364,844,756,624
308: 949,190,550
309: 67,522,586,159,441,13
310: 982,860,935,257,395
311: 525,586,132,695,522
312: 811,459,418,815
313: 173,34,905
314: 103,416,883,142
315: 585
316: 40,228,174,488
317: 59,333,179
318: 508,521,261,811
1070: 403,810
320: 352,1,660,44
321: 1021,118,1053,552
322: 75,894,267,718,255,353
323: 258,486,384
324: 698,358,687,566
325: 1078,102,490,375
326: 744,116,970
327: 363,760,219
328: 129,816,1045,959,476
329: 268,229,789
330: 973,114,117
331: 952,1026,216,11,983
332: 
333: 555,317,59,1019,1046,408,1038,179
334: 652
335: 1060,741,734
336: 987,120,1071,125
337: 303,985,740,639,696,158
338: 534,833,1040,918
339: 927
340: 1025,299,134
341: 949,554,831,283
342: 1014,144,178
343: 1036,870,910,644
344: 840,694,847,686,848
345: 372,588,1031
346: 559,758,961,578
347: 780,447
348: 948,939,377
349: 212,169
350: 478,1044,113,551,565
351: 550,581,990,556
352: 320,745,373,1
353: 1039,255,322,718,742
1063: 718,593,183
355: 593,183,50,641
356: 367,300
357: 612,912
358: 250,687,324
359: 434,889,748,783,426,104
360: 688,221,1067,107,49
361: 55,745,373,298
362: 81,622,18
363: 327
364: 307,986,844
365: 143,549,243,923,971,519
366: 601,903,470
367: 356,500
368: 173,893
369: 516,234
370: 408,1009,783,580,179,875,426
371: 531,379,205,701,980
372: 345,588,405
373: 745,361,352,70
374: 954,128,600
375: 492,490,102,1061,325
376: 194,216,491,569,517
377: 939,942,348,977,880
378: 100,241,649,762
379: 531,371,205,171,430
380: 89,291
381: 116,970
382: 879,754,256
1077: 35,233,741
384: 281,323,486
1074: 775
386: 732,592
387: 998,950
388: 19,774,1039,992,295,193
1066: 475,934,976,440,243,923
390: 704
391: 37,130,446
392: 932
393: 855,847,840
394: 78,85,813
395: 257,22,310,935,425
396: 1064,270
397: 301,685,528
398: 866,139,1042
399: 124,486,659,885
400: 1032,1080,252,51
401: 74,206,944,286,477
402: 715,1022,932
403: 1070,810,474,614,1037
404: 824,695
405: 999,372,588
1075: 109,694,686
407: 121,957,851,594,853
408: 370,1009,783,1038,333,580,179
409: 611,1025,279,661
410: 828,655,809,2,729
411: 561,925,463,280
412: 990,190
413: 512,600
414: 269,996,842,936,249
415: 419,968,420,807,21
416: 941,883,142,314
417: 420,807,1002,536,667,1005
418: 35,811,312
419: 415,728,801,21
420: 417,807,415,941,1005,21
421: 469,491,971,1016,519
422: 823,887,607,755,605,871
423: 180,543
424: 225,770,931,210
425: 693,626,22,395
426: 875,104,370,783,359
427: 452,292
428: 1016,172,519,549,765,1000,772
429: 64,1011,80,46
430: 171,573,379,717
431: 501,837,921,633
432: 441
433: 673,638,284,128,856
434: 359,889,748,568,93
435: 7,288,856,101
436: 791,41,692
437: 263,802,781,175,776
438: 487,84,137
439: 828,299
440: 475,1066,164,243
441: 432,13,67,309
442: 737
443: 814,620
444: 492,993
445: 720,171
446: 548,391
447: 347
448: 812,598,681,1028
449: 777,884,914,648
450: 130,955,753
451: 516,498,490,993
452: 427
453: 86,584,93,889,104,204,235
454: 249,820,687
455: 
456: 
457: 195,707,596,481
458: 696,99,52,986,503,876
459: 261,811,312,260,54
460: 717,839,264
461: 794
462: 932,217,664,647
463: 411,925,265,841,631,280
1067: 30,360,221
465: 105
466: 127,1057,133,218
467: 806,855,847,848
1079: 186,1008,476
469: 914,421,604,971,965
470: 493,654,366,601
471: 711,44,724,145
472: 798
473: 623,730,912,562
474: 966,403,614,1037
475: 934,1066,960,440
476: 959,23,1079,328
477: 286,779,565,87,401,944
478: 350,987,125,551
479: 525,689,498
480: 159,227,131,1030,632,1019
481: 967,707,457
482: 705,1017,1076
483: 297,546,885,1043,124,259
484: 663
485: 1012,1044
486: 399,258,204,323,384
487: 438,893,84,888
488: 154,174,316,1023
489: 672,287
490: 375,993,325,451
491: 569,421,1016,376,517
492: 444,375,77
493: 470,33,770,601
494: 
495: 706,928
1069: 766
497: 254,62,553,684
498: 451,689,479,1078
499: 45
500: 48,367,746
501: 431,633
502: 515,193,1034,992,1014
503: 624,52,458,876,564
504: 653
505: 762,795,616,649
506: 745,509
507: 961,559,92
508: 318,1060,741,521
509: 262,506,44
510: 1042,518,16
511: 275,972,562,623
512: 413,600,610
513: 978,248,1024,904
514: 1012,1044,87,982
515: 502,193,1034,1039,773
516: 240,451,369,234
517: 11,491,376,216
518: 16,510
519: 1016,428,971,549,365,421
520: 666,1062
521: 318,508
522: 309,132,311,586,159,227
523: 1049,103,810,723,14
524: 102,1078
525: 311,586,479,689
526: 670,867,548
527: 535,169
528: 161,752,189,685,397
529: 618,1007
530: 155,666,185
531: 371,379,699,713
532: 47,147,534
533: 126,536,1005,979
534: 338,833,1040,532
535: 527,1012,982,860
536: 1002,417,533,1005
537: 728,801
538: 142,723,114,574
539: 
540: 137,825,768
541: 72,870,22,1036
542: 868,196
543: 975,244,180,423
544: 
545: 570,736,821,1001
546: 483,297,1043,795,165
547: 1000,750,772,925
548: 446,572,526
549: 365,923,765,1035,1000,428,519
550: 351,581,308,668
551: 43,177,615,987,350,478,113
552: 28,1053,321,1021,974
553: 628,684,497
554: 831,797,341
555: 59,1019,333,293,1046,757,1038
556: 351,990,296,829
557: 926,652,805,215
558: 599,151,972
559: 346,507,92
560: 95,278,858
561: 411,925,750
562: 912,511,473,623
563: 163,732
564: 876,503,153
565: 477,779,350,1044,87
566: 698,324
567: 1018,719,617
568: 595,434,748
569: 914,491,648,194,376
570: 545,736,838,821
571: 1055,908,271,929
572: 37,865,548
573: 171,430,839
574: 114,538,723
575: 822,136,155
576: 
577: 750,772,172
578: 187,346
579: 207,1072
580: 82,738,179,408,370,875
581: 351,550,140
582: 83,837
583: 655,66,646,195,596
584: 86,453,93,1047,613,700
585: 315,81
586: 525,311,309,5,522
587: 610,792,877
588: 345,372,1031,405,120
589: 233,1064
590: 724,97
591: 988,276,85
592: 140,386
593: 355,183,100,267,1063
594: 68,851,23,407,957
595: 568,45
596: 195,457,583
597: 181,620,302,814,721
598: 16,681,1028,251,448
599: 151,558,214,1027
600: 413,512,374
601: 366,470,493,770
602: 737,771,603
603: 602,771
604: 823,887,965,469,914
605: 871,607,422
606: 1073,99,158,1015
607: 157,755,15,605,422
608: 192
609: 794
610: 587,938,512
611: 409,279
612: 357,248,912,904
613: 41,1047,584,895,700
614: 110,14,1037,403,474,1049
615: 170,1006,987,177,551
616: 795,165,60,643,505
617: 58,567,710
618: 112,637,529,1007
619: 84,888,678,138,266
620: 597,443
621: 252,51,1020,764,956
622: 362,94,854,18
623: 473,730,511,1011,275,562
624: 503,52,307,756
625: 692
626: 425,22
627: 206,743,72
628: 553,684,228
629: 1045,653,290,1021,974
630: 813,892
631: 280,778,463
632: 1030,8,150,227,480
633: 930,431,501
634: 861,234,759,240,67,5
635: 989,665,950,940,1072
636: 676
637: 208,1041,618,1007
638: 433,673,853,121,284,669
639: 303,337,158,1073
640: 199,679,1013,751
641: 50,898,294,355,154
642: 203,727,952,1026
643: 863,616,60,221
644: 674,870,1036,343,236
645: 806
646: 583,655,1032
647: 664,462,967
648: 683,764,449,884,569,194
649: 297,795,762,505,378
650: 749
651: 665,950,219
652: 557,805,334
653: 1045,629,504,290
654: 470,902,817
655: 583,646,809,2,410
656: 969,968,1023
657: 88,273,1,980,660,205
658: 776,769,25
659: 399,86,204,885
660: 711,320,1,88,657
661: 56,279,1010,409,71
662: 
663: 192,732,484
664: 647,217,462
665: 651,940,635
666: 155,530,725,520
667: 1002,969,1023,417,807
668: 1017,32,873,550
669: 284,853,638
670: 526,921,837
671: 10,298,995,55
672: 489,747
673: 433,638,121,288
674: 644,924,236,978,937
675: 900,245,979
676: 236,636,229
677: 213,786,256,106
678: 712,888,619
679: 640,162,751,61
680: 146,1080,862,195,707
681: 598,448,812
682: 289,973
683: 648,764,884,277
684: 553,628,62,497
685: 301,397,148,528
686: 848,344,694,1075
687: 250,358,454,324
688: 360,221,49
689: 240,498,479,525
690: 735,238,733,927,90
691: 247,271,200,727,952
692: 625,436,895
693: 425,3,935,180
694: 344,897,1075,686
695: 132,282,824,404,311
696: 458,99,158,740,337,986
697: 287
698: 324,566
699: 713,531,720,768
700: 885,1043,613,86,584
701: 211,980,371,713
702: 
703: 276,800,135,726,71
704: 390,1004,976,1035
705: 482,196,873,1013,1017
706: 1028,251,213,495
707: 195,457,481,680
708: 774,890,75
709: 70,273
710: 58,617,798
711: 471,660,88,145,264
712: 678,893,888
713: 699,825,701,531
714: 302,945,908,814
715: 402,1022,831
716: 
717: 460,88,264,430
718: 1063,267,322,353,742
719: 1018,567,28,933
720: 902,445,699,768
721: 958,278,302,181,597
722: 32,283,873,76
723: 103,142,538,574,523
724: 97,590,471,44
725: 822,666,168
726: 703,135,71
727: 952,247,691,203,642,731
728: 537,801,419
729: 2,410
730: 473,623,1011,80
731: 858,953,727,247,203
732: 386,663,563
733: 162,690,61,90
734: 335,741
735: 690,1065,785,927
736: 545,570,838,786,106
737: 602,442
738: 82,580,994
739: 790,946
740: 985,337,986,696
741: 335,1060,734,1077,508
742: 718,353
743: 257,22,206,944,627,72
744: 116,326,785
745: 373,361,352,506
746: 500
747: 672
748: 359,434,1003,1009,783,568
749: 650,239
750: 577,772,547,561
751: 818,61,679,640
752: 528
753: 450,955
754: 879,382,201,25
755: 157,607,422,823
756: 307,624
757: 246,293,1046,1030,555,1019
758: 961,346
759: 861,234,634,57
760: 105,327
761: 296,829
762: 872,505,649,378
763: 
764: 648,683,194,29,252,621,956
765: 549,1000,428,772
766: 1069
767: 1048,1054,246
768: 782,699,540,720
769: 33,225,253,658
770: 33,225,493,601,424
771: 602,603
772: 577,750,765,1000,547,172,428
773: 515,1034
774: 19,708,388,75,1039,255
775: 1074
776: 175,437,658
777: 449,884,887,832
778: 841,631
779: 286,477,565,962
780: 347,184
781: 266,437,802
782: 242,768,817,902
783: 408,370,1009,359,748,426
784: 20
785: 735,1065,744
786: 736,106,677
787: 
788: 1042,188,127,1057,139
789: 229,329
790: 739,822,168,946,1061
791: 436,45,796
792: 587,938,877
793: 111
794: 461,609
795: 616,165,297,546,649,505
796: 791
797: 0,76,554
798: 472,710
799: 118,913,1015
800: 276,703,135
801: 537,728,419,930
802: 263,266,437,781,137
803: 843,909
804: 
805: 652,557,1048,36
806: 467,855,6,645
807: 417,420,969,968,667,415
1062: 209,520
809: 655,828,410
810: 103,403,1070,523,14
811: 261,459,312,35,318,418
812: 448,681
813: 630,78,394
814: 443,280,302,714,597
815: 312,835
816: 328,129,974,1045,166
817: 242,782,654
818: 751,61,301
819: 31,292
820: 39,250,454
821: 874,1001,545,570
822: 575,725,136,790,168
823: 422,887,604,755,965
824: 991,404,695
825: 713,540
826: 226,964,977
827: 285,1020,901,134
828: 963,410,439,809
829: 296,761,990,556
1058: 208
831: 554,715,1022,949,341,152
832: 777,884
833: 338,534,1040
834: 844
835: 897,815,214,151,109
836: 
837: 431,921,670,582
838: 570,736,879,106
839: 460,573
840: 344,393,847
841: 778,265,463
842: 123,936,414,996
843: 803,1052
844: 834,307,364
1076: 89,291,482
846: 876,913,1015
847: 393,855,840,344,848,467
848: 686,344,847,467
849: 864,10
850: 79
851: 959,23,594,407
1065: 735,238,785
853: 121,407,669,638
854: 94,622
855: 393,847,6,806,467
856: 877,435,433,128
857: 
858: 953,731,95,247,560
859: 911,910,1027,191
860: 3,935,535,310,982
861: 634,759,67,994
862: 79,277,680,1080,252
863: 643,60
864: 849
865: 37,572
866: 398,874,1001
867: 526,0
868: 966,542,199,1013,196
869: 305,163,882
870: 541,1036,343,236,644
871: 605,422,887
872: 762,241,890,894
873: 32,722,196,705,1017,668
874: 821,1001,866
875: 426,370,82,580
876: 564,913,846,1015,458,99,503
877: 856,101,587,792
878: 27
879: 382,754,256,106,838,201
880: 226,977,377
881: 187,922,63
882: 163,869
883: 21,941,416,314
884: 449,777,832,277,648,683
885: 1043,700,124,399,659,483
886: 907
887: 422,823,604,871,777
888: 84,619,893,712,678,487
889: 359,434,104,453,93,235
890: 872,75,894,708
891: 997
892: 630
893: 173,368,712,487,888
894: 75,267,322,872,241,890
895: 41,613,692
1073: 606,639,158
897: 54,835,694,109
898: 50,641,259,124,294
899: 127,133
900: 675,979
901: 956,983,1020,1026,827
902: 720,782,654
903: 366
904: 513,248,612
905: 34,313
906: 
907: 886
908: 714,945,571
909: 118,803,1021
910: 911,859,343
911: 859,910,1027
912: 248,562,473,612,357
913: 876,846,1015,799,153
914: 469,569,604,449
1071: 999,336,125
916: 233
917: 119
918: 107,49,338
1072: 579,940,635,989
920: 
921: 670,431,837
922: 306,63,9,187,881
923: 143,549,243,365,1066,976,1035
924: 674,978,1024
925: 411,561,463,547,265
926: 557,48
927: 339,690,735,90
928: 1029,960,495
929: 95,271,571,945,958
930: 633,801,122
931: 224,210,225,232,424
932: 462,392,402
933: 719
934: 475,1066,976,1029,960,951,1004
935: 3,860,310,395,693
936: 39,842,414,249
937: 978,236,674,229
938: 610,792
939: 377,348,948,62
940: 665,635,1072
941: 416,1005,420,21,883
942: 977,377
943: 
944: 206,401,477,743,257
945: 302,714,908,929,958
946: 790,739,77
947: 111,955
948: 62,348,939
949: 308,341,152,831,272,190
950: 651,998,387,635
951: 1029,304,934,1004
952: 200,727,331,1026,11,691,642
953: 858,731
954: 374,128
955: 450,111,947,753
956: 983,901,764,29,621,1020
957: 121,407,594,286
958: 721,278,945,95,929
959: 851,23,476,328,129
960: 1029,928,475,934
961: 507,758,346
962: 68,43,113,286,779
963: 828,65
964: 145,264,977,826
965: 971,164,823,604,469
966: 474,868,1037,199
967: 481,647
968: 656,969,807,415
969: 656,968,1023,667,807
970: 116,326,381
971: 965,243,365,469,421,519
972: 275,558,511
973: 289,330,682
974: 816,1045,629,552
975: 244,543,3,180
976: 934,1066,704,1004,923,1035
977: 964,942,377,880,826
978: 513,937,674,924,1024
979: 245,900,533,126,675
980: 211,701,273,657,371,205
981: 
982: 87,310,514,1012,535,860
983: 956,901,216,29,331,1026
984: 24,184,119
985: 303,337,740
986: 52,364,740,458,696
987: 336,120,615,170,551,478
988: 591,71,56
989: 635,1072
990: 412,351,556,829
991: 824,282
992: 144,295,388,502,193,1014
993: 444,490,451
994: 69,861,738
995: 10,671,55
996: 269,414,842,123,91,46
997: 891
998: 219,950,387
999: 405,1071
1000: 1035,547,549,765,428,772
1001: 821,874,866,545
1002: 536,667,417
1003: 1046,1009,1038,748
1004: 704,1029,951,934,976
1005: 941,536,417,420,533
1006: 615,170,1031,167,177
1007: 637,618,529
1008: 43,177,1079,186,68
1009: 408,370,783,1038,1003,748
1010: 56,279,661
1011: 275,429,623,730,80
1012: 485,514,1044,535,982
1013: 199,640,868,196,705
1014: 342,144,992,502,27
1015: 876,913,846,99,606,799
1016: 172,428,519,491,421
1017: 668,873,482,705
1018: 567,719,182,28,1053
1019: 555,59,333,1030,131,480,1046,757,13
1020: 621,51,956,901,827
1021: 321,290,118,909,629,552
1022: 402,715,831,272
1023: 656,969,488,231,667
1024: 248,924,513,978
1025: 340,409
1026: 952,331,983,901,642
1027: 911,859,599
1028: 706,251,598,448
1029: 928,960,951,304,934,1004
1030: 8,632,480,757,1019
1031: 345,588,120,170,1006
1032: 146,400,1080,646
1033: 157
1034: 502,515,193,773,27
1035: 1000,976,704,549,923
1036: 343,541,870,644
1037: 110,614,403,966,474,199
1038: 408,1009,1046,555,333,1003
1039: 255,353,75,774,388,515,193
1040: 338,534,833,19,295
1041: 637,208,112
1042: 788,139,398,510
1043: 885,700,124,483,297,546
1044: 350,485,514,1012,565,87
1045: 653,629,328,816,974
1046: 293,757,555,1019,333,1003,1038
1047: 41,613,584,93
1048: 36,767,805
1049: 523,110,14,614,238
1052: 843
1053: 28,552,118,321,1018
1054: 112,767
1055: 571,42,200,271
1056: 285,135
1057: 466,127,218,788,188,306