1147: 731,203,858,1016
1: 531,701,88,980,371
2: 439,583
3: 975,1111,423
4: 117,1152
5: 525,586,67
6: 1137
7: 627,610
8: 1130,746,500,695,150,282
9: 1164
10: 864,26,849,995
11: 194,983,29,491
12: 548,554
13: 783
14: 403,1070,810
15: 931,157,1042,960,475
16: 786
17: 1145,305,156
18: 506,1008,509
19: 388,1128,1139,774,255
20: 664,777,850
21: 930,801,1070,810
22: 859,1097,425,644
23: 186,476,68,851,1045,594
24: 348
25: 232,658,1024,201
26: 864,10,472,444,315,995
27: 878,502
28: 974,816,719
29: 569,1144,277,449,194,11
30: 863,1067,1136
31: 427,292
32: 722,668,1151
33: 253,817,769
34: 905,313,173,1017
35: 589
1162: 674,644,562
37: 903,366,572,548,462
38: 81,634
39: 820,686,467,842
40: 174,1037,384,807
41: 434,595
1082: 1084,1146,360,49
43: 615,962,551,113,1031
44: 373,657
45: 499,568
46: 123,80
47: 295
1043: 370,323,486,885,204
49: 221,360,688,890,1082,918
50: 898,1047,593,231
51: 764,1033,299,828
52: 1133,364,1106,307
1068: 156,528
54: 855,806
55: 585,1008
56: 276
57: 585,222,369,315,81
58: 1021,77
59: 179,783
60: 863,643,625,505
61: 751,733,301,818
62: 119,984,917,780,384
63: 1057,881,363
64: 1012
65: 963,611
1085: 367,557
67: 159,586,5
68: 1079,962,186,23,594
69: 994,580
1163: 167,177
71: 703,726
72: 870,1097,743
73: 223,212,115
74: 669,407,1044,673
75: 124,894,241
76: 837,1005
77: 58,1124
78: 1158,247,1010,394
1134: 637
80: 466,46,1169
81: 38,57,222
1136: 221,360,30,863,1067
83: 501,868
84: 619,266,802,437
85: 858,394,1016
1137: 6,855,806
87: 257,743,982,477,944
88: 352,1,980
89: 482,386,291
90: 733,162,110,238
1014: 353,742,322,718
92: 507,559
93: 889,700
94: 262,362,622,854,580
1170: 280,778,631
96: 951,390
1099: 982,310
1064: 396
99: 1132,158,913
100: 593,183,241,267
101: 627,288
102: 575,168,725
103: 
104: 1127,426
105: 327,578,465,1141,760
106: 838,570,736,1029
107: 338,1146
108: 161
109: 1075,848
110: 238,90,162
111: 793,947,955
112: 334,1054,1046
113: 551,350,43,962,1031,286,779
114: 973,245,538
115: 73
116: 744,326,339,970,381
117: 4,574
118: 1053,799,321
119: 62,384
120: 1015,999,1093,405
121: 669,853
122: 420
123: 848,996,46
124: 1002,75,1083,649
125: 987,1048,230,336,485,478
126: 900,142
127: 133,218,1057
128: 374,954,877,856
129: 629,1038,552,974
130: 747,497,450,391
131: 1003
132: 227,311,586,522
133: 127,899,139,510
1125: 924,562,1086
135: 827,642,203
1098: 1130,246,215,767
137: 782,438,175
138: 821,904,266,619,736,838
139: 133,899,730,510
140: 592,386,482
1060: 335,741,1077,508
142: 245,126,538
1093: 1015,999,120,1071
144: 147,1128
145: 977,942,711,460
1169: 429,275,1012,80
147: 1128,144
148: 339
1038: 653,328,629,129
150: 695,500,8,282
151: 558,835,897
1086: 910,180,511,924,1125
153: 946,876,739
154: 969,641,355,667,1032,533
155: 503,530
156: 1068,528,17,1145
157: 15,475,755,224
158: 1132,99,337,606,1088
159: 67,309,586,522,441
160: 659,204
161: 108,1160
162: 733,90,110,751
163: 563,189,882,869
164: 1028,422,823,887,1112
165: 546,259,297,483
1153: 940,665,465
167: 1163
168: 822,102,1061
169: 349,527
170: 987,1071
1107: 1069
172: 772,549,1055,428,1167
173: 893,34,1017
174: 40,1037,399,281
175: 781,137,242
1096: 333
177: 1163,615,1079
178: 332
179: 59,783,426
180: 599,511,1086
181: 620,597
1081: 878,332
183: 231,667,593,100,267,1032
1089: 
185: 
186: 476,23,1079,68
187: 219,327
1154: 666,575,725,524
189: 163,305,869
190: 457,272,412
191: 693,425,859
192: 1115,296,608
193: 992,502
194: 983,956,11,449,29
195: 596,481,862
1048: 125,1071,223,230,336
1059: 568,555
198: 298,600,413
199: 966,403,614,1040
200: 1138,691,1129,953
201: 1024,570,879,25
1078: 524,404,1113,1018
203: 731,1147,135
204: 885,1043,160
205: 371,445,717
1016: 1147,858,85
207: 1103,1161,940
208: 637
209: 520
210: 225,424,605
211: 709,905,701,713
212: 73,223,270
213: 786,256,706,495
214: 815,835,423,599
215: 746,1041,926,767,1098
216: 1138,691
217: 932,664
218: 1164,127,1057,306
219: 187,327
220: 948
221: 360,49,1136,643,688
222: 57,585,81
223: 73,212,1048,336
224: 823,157,607
225: 601,210,493,424
226: 672
227: 132,282,632,522
228: 316,553,656
229: 888,789,513,712
230: 336,125,1048,485,535
231: 355,183,667,898,50,593
232: 25,658,769
1168: 380,702,1013
234: 689,516,759
235: 748,1119,359
236: 676
1061: 790,739,168
238: 110,90
239: 749
240: 1122,689
241: 718,75,100,894
242: 175,253
243: 440,1066,755,1112
1150: 345
245: 675,900,142,538,114,973
246: 1130,1098,1131
247: 271,727,1010,394,78
248: 357,473
249: 269,1011,454
250: 1155,1120,467,645,820
1083: 259,649,1157,1047,124
1035: 268,877
253: 33,242,817
254: 489
255: 774,1139,1116,19
256: 213,786,1042,495
257: 1097,87,743,395
258: 
259: 297,1083,649,165,483,1157
260: 847
261: 
262: 94,362,1009
1143: 651,1114,760,665
264: 717,980
1114: 1143
266: 138,84,619,802,838
267: 1032,100,183,718
268: 1035,329,1027
269: 249
270: 212,396
271: 953,247,727,1010,691,331
272: 457,190,949,831,308,412
1101: 498,479,689
1131: 246,632,1030
275: 429,1169,1012,623
276: 56
277: 569,29,914,449
1102: 766,1149,1069
1126: 1158,630,560
280: 1170,778,631
281: 898,294,399,174,1037
282: 227,311,1018,695,150,8
283: 1022,949,554,797,1049,341
284: 933
1119: 359,235,748
286: 779,113,1031
287: 489,526,391,446
288: 401,101
289: 682,1039,330
290: 653,328
291: 818,1117,89
292: 819,31
1052: 1109,1073,843
294: 281,898,399
295: 47
296: 1115,192,556,829,608
297: 259,649,165,616,795
298: 198,427
299: 1034,621,51,1033
300: 1140,1062,991
301: 61,818
1139: 1116,19,255
303: 740,1165,985,1148
304: 928,951
305: 17,1145,189,869
306: 881,218,1164
307: 986,52,1106
308: 341,412,949,272,1151
309: 159,441
310: 935,1099,395
311: 132,282,1018,1092
312: 418,1111,459,815
313: 905,34,1027
314: 
315: 444,26,57,585,995
316: 228,807
1049: 722,797,283,341
318: 
1070: 403,14,810,21
320: 1019,1023,352
321: 567,118,1053
322: 742,1014,718
323: 917,780,486,347,1043,370
324: 687,1036
1028: 164,422,887,1112,604,965
326: 744,116,970
327: 105,187,219,760
328: 653,1038,290,476
329: 368,268,1027
330: 1152,289,1039
331: 642,1020,691,271,727
332: 178,1081
333: 1096,748
334: 112,1054,805,1007
335: 1060,741,734
336: 230,223,125,1048
337: 1165,1148,1132,158
338: 107,534,1146
339: 927,148,116,381
340: 963,1004,1056,409,611
341: 308,283,949,1049
1024: 201,570,781,776,25,658
1037: 40,174,807,281
1103: 207,940,635
345: 372,1150
346: 559,922,961
347: 984,447,875,323,780
348: 948,24,942,377
349: 169,527,535
350: 551,113,779,565
351: 556,581,550,990
352: 88,320,1023
353: 742,1014
1151: 32,308,412,668
355: 231,667,898,154,641
356: 367
357: 248,473,866
358: 1155,1120,1036
359: 1119,235
360: 221,49,1136,1067,1082
361: 745,1019,671
362: 94,262
363: 681,63
364: 52,1106
365: 923,971,469
366: 37,903,753
367: 1085,356
368: 329,676,789
369: 516,993,57
370: 1043,875,323
371: 205,531,1,980,699
372: 345,405
373: 1023,44
374: 128,877,452,600,587
1128: 388,19,147,144
376: 428,519,1144,952,491
377: 348,948,942,939
1160: 397,161,528
1116: 894,1139,255
380: 1168,1013,397
381: 116,339,970
1164: 218,9,306
1077: 1060,741,508
384: 917,119,62,40
1074: 775
386: 140,592,482,89
1033: 764,51,621,299
388: 1128,19,774
1066: 440,243,923
390: 704,96
391: 572,446,130,287
392: 932,1022,715,402
393: 
394: 858,85,247,78
395: 425,310,935,257
396: 1064,270
397: 1160,380,1013
398: 730
399: 885,174,281,294
400: 862,1135,621,1034
401: 1044,288
402: 392
403: 14,1070,199
404: 1062,991,824,1113,524,1078
405: 372,120
1075: 109,848
407: 74,1045,1044
1110: 1104
409: 611,1026,1056,340
410: 729,1004,963
411: 561,750,925
412: 308,190,272,1151
413: 587,198,600,512
1032: 267,183,667,154,417,533
415: 533,969
416: 941,420,417
417: 420,533,1032,416
418: 312,1111,1006,459
419: 656
420: 417,122,941,416
421: 469,519,965,914,604,569
422: 1028,164,607,605
423: 3,815,214
424: 493,225,210,605
425: 395,191,859,22
426: 104,1127,179
427: 452,31,298
428: 376,549,172,952
429: 275,1169,466
430: 826,947
431: 670,537,921,930,801
1084: 1082,918
1030: 632,522,441,1131
434: 41,584,700
1135: 862,400,621,683
436: 595,796,791
437: 802,84
438: 720,137,782
439: 2,646,761,729
440: 1066,243,475,934,755
441: 522,1030,159,309
442: 1152,737
443: 1104,814,620
444: 993,315,26,472
445: 205
446: 572,391,287
447: 347,738,875
448: 812,598,681
449: 29,277,194
450: 947,747,130
451: 1124,1122,490
452: 427,374,954,600
453: 889
454: 1036,1011,249,566,687
455: 729
456: 
457: 190,272,831,596
458: 624
459: 312,418
460: 145,964
461: 794,989,841
462: 37,903,548
463: 547,704,925
1067: 30,360,1136
465: 1141,105,760,665,1153
466: 80,429,899
467: 39,820,250
1079: 615,68,177,186
469: 519,421,965,971,365
470: 793,654
1130: 1098,246,8,746
472: 864,26,798,444
473: 357,248,912
474: 868,633,501
475: 960,15,157,755,440
476: 186,23,328,959
477: 982,565,779,944,87
478: 485,987,125
479: 1092,1101,525
480: 
481: 967,195,862
482: 140,386,89
483: 1157,546,165,659,259
484: 663
485: 478,125,230
486: 917,323,1043
1017: 825,34,173,540
1165: 303,337,740,1133
489: 287,526,254
490: 1122,790,1124,451
491: 952,376,1144,11
1091: 
493: 424,225,601
1156: 579,1161
495: 960,1042,213,256
1069: 766,1102,1107
497: 747,130,672
498: 1101
499: 45
500: 746,1041,1140,695,150,8
501: 633,837,868,474,83
502: 193,27
503: 155,530
1112: 887,971,823,243,1028,164
505: 616,795,643,60,762
506: 18,1008,745
507: 961,920,559,92
508: 1060,1077
509: 18
510: 788,139,133,730
511: 180,972,1086
512: 709,413
513: 978,937,229
514: 
1158: 1126,78
516: 369,234,759
517: 1167,952
518: 788
519: 469,421,376,569,1144
520: 209
521: 
522: 632,441,1030,227,132,586,159
523: 
524: 1078,1154,404,824
525: 586,5,1092,479
526: 287,489,867
527: 535,169,349
528: 156,1068,1160
529: 757,1003,555
530: 155,503
531: 701,1,713,371,699
1115: 296,192,732,663
533: 417,415,969,154,1032
534: 1146,338
535: 527,230,349
536: 
537: 921,801,431
538: 245,142,114
1047: 1157,1083,50,593
540: 825,1017,720
1023: 373,320,352
542: 873
1092: 479,311,525
544: 
545: 1029,874,736
546: 165,659,483
547: 463,925,772,750
548: 12,572,37,462
549: 772,172,428
550: 351,990
551: 350,113,43,615
552: 974,1053,629,129
553: 684,228,656
554: 12,797,283,1022
555: 529,1059
556: 351,829,296
557: 1085
558: 151
559: 346,578,961,507,92
560: 630,1126
561: 411,750,1055
562: 1125,644,1162
563: 163,882,732,663
1133: 52,740,1165
565: 982,477,350,779
566: 687,1011,454,758,920
567: 321,946
568: 1059,45
569: 29,1144,277,914,519,421
570: 106,1024,201,879
1117: 818,291,1013
572: 391,446,37,548
573: 902,654
574: 117
575: 1154,725,102
576: 
1140: 300,991,1041,500
578: 559,105,1141
579: 1156,1161,989
580: 854,69,622,94
581: 668,351
1036: 454,1120,358,324,687
583: 2
584: 1095,613,700,434
585: 57,222,315,995,55
586: 525,5,132,522,159,67
587: 413,374,877,600
1124: 451,490,77
589: 734,741,35
590: 1009,984
591: 813
592: 140,386
593: 100,1047,50,231,183
594: 1031,957,23,68,962,1045
595: 436,791,41
596: 195,457
597: 814,620,181
598: 681,448
599: 180,214
600: 198,452,374,413,587
601: 225,493
602: 737,1166,771,603
603: 602,1166,771
604: 914,884,1028,421,965,1025
605: 210,607,424,422
606: 1073,1088,158
607: 823,224,605,422
608: 829,761,296,192
609: 
610: 856,7
611: 409,65,340
612: 712,678,904
613: 1095,584,700,616
614: 1040,199
615: 43,1079,177,551
616: 505,795,1095,613,297
1055: 772,172,561,750
618: 
619: 84,678,138,904,266
620: 181,443,814,597
621: 1135,400,299,1033
622: 580,94
623: 912,972,910,275
624: 458,822
625: 863,60
1046: 112,637
627: 101,870,7
628: 656
629: 909,653,1038,552,129
630: 560,1126,813
631: 981,280,1170
632: 522,1030,227,1131
633: 501,670,1005,837,474
634: 759,38
635: 1103
1025: 832,914,604,884
637: 208,1046,1134
638: 673,669
639: 1109,1148,1088
640: 966
641: 969,154,355
642: 331,1020,827,727,135,731
643: 60,505,221,762,688
644: 674,22,1162,562
645: 250,1155
646: 439,1004
1021: 58,719,710
648: 764,956
649: 259,297,1083,795,1002,124
650: 749
651: 1143
652: 805
653: 328,1038,290,803,629
654: 793,470,902,573
1045: 851,23,594,957,407,1044
656: 419,228,553,628
657: 711,44
658: 25,232,769,776,1024
659: 160,546,483
1145: 17,305,156
1031: 594,957,43,962,113,286
662: 1108
663: 484,732,1115,563
664: 20,217
665: 940,1153,465,1143,760
666: 1154,824
667: 355,231,183,154,1032
668: 32,581,1151
669: 121,74,638,673
670: 633,431,921,1005,837
671: 745,361
672: 747,497,826,226
673: 638,669,74
674: 870,644,1162
675: 900,245,773,682,973
676: 937,368,236
1161: 207,579,1156
678: 888,612,712,619,904
1111: 312,418,1006,3,975,815
680: 683
681: 363,598,448,812
682: 289,1039,773,675,973
683: 680,1135
684: 553
1132: 99,158,337,986
686: 842,848,39
687: 698,324,566,1036,454
688: 762,890,872,643,221,49
689: 234,1101,240
1029: 545,736,106
691: 1138,200,216,331,271
692: 886
693: 191,935
1104: 443,1110
695: 1018,150,1113,500,8,282
1121: 796,791
697: 921
698: 687
699: 531,371
700: 584,613,434,93
701: 531,1,713,211,709
702: 1168,1013
703: 71,726,1026
704: 390,463
1026: 409,1056,726,703
706: 213,928
1022: 283,949,554,392,715
1144: 569,29,519,376,491
709: 211,512,701
710: 1021
711: 657,145
712: 612,888,229,678
713: 531,701,211,905
714: 
715: 831,392,1022,949
716: 775
717: 264,205
718: 241,267,322,1014
719: 933,28,1021
720: 540,438,782
721: 929,945
722: 32,1049
1129: 929,200,953
1157: 483,1047,259,1083
725: 1154,575,102
726: 1026,703,71
727: 271,247,331,642,731
1142: 796,907,886
729: 455,410,761,439
730: 398,139,510
731: 203,1147,642,727,858
732: 1115,563,663
733: 90,162,751,61
734: 589,335
735: 744,927
736: 874,138,821,106,1029,545
737: 602,442
738: 875,447
739: 822,153,1061
740: 303,1165,985,1133
741: 335,1060,1077,589
742: 353,322,1014
743: 1097,257,87,944,72
744: 116,326,735
745: 361,1019,671,506,1008
746: 215,1041,500,1130,8
747: 130,497,672,450,947
748: 235,333,1119
749: 650,239
750: 411,561,547,925,772,1055
751: 61,733,162
1097: 257,743,72,22
753: 366
1159: 926
755: 823,157,475,440,243
756: 844
757: 529,1003,1054
758: 961,1011,566
759: 234,516,634
760: 1143,105,327,465,665
761: 829,439,608,729
762: 688,872,643,505,795
1088: 1073,606,1109,639,1148,158
764: 51,648,1033
1095: 584,613,616
766: 1149,1102,1069
767: 926,215,1098
1108: 1105,662
769: 232,658,33
770: 
771: 602,603
772: 549,172,1055,547,750
773: 675,682
774: 255,388,19
775: 716,1074
776: 781,1024,658
777: 832,850,20
778: 280,1170,794,841
779: 286,350,113,565,477
780: 917,323,347,984,62
781: 175,776,1024
782: 137,720,438
783: 13,179,59
1120: 250,1155,820,358,1036
1027: 313,268,329
786: 213,256,16
787: 
788: 510,518
789: 888,229,368,893
790: 1061,490
791: 796,1121,436,595
1019: 745,361,320
793: 654,470,111,955
794: 461,989,841,778
795: 505,616,297,649,762,872,1002
796: 791,1142,1121,436
797: 554,283,1049
798: 1001,864,472,819
799: 909,118
1034: 299,400
801: 21,930,537,431
802: 437,84,266
803: 843,653
1041: 215,746,500,1140
805: 652,1007,334
806: 54,855,1137
807: 40,1037,316
1062: 991,404,824,300
1015: 120,1093
810: 14,1070,21
1106: 844,364,52,307
812: 448,681
813: 630,591
814: 443,597,620
815: 214,312,1111,423
816: 974,28
817: 253,33
818: 291,1117,61,301
819: 849,292,798,864
820: 39,467,250,1120
821: 138,904,874,736
822: 739,168,624
823: 755,224,607,164,1112
824: 1062,404,666,524
825: 1017,540
826: 430,964,880,672
827: 901,642,1020,135
828: 1056,51
829: 761,990,556,296,608
1138: 200,691,216
831: 715,949,457,272
832: 777,850,884,1025
1057: 63,127,218
1141: 465,578,105
835: 214,897,151
1113: 991,404,1078,1018,695
837: 76,1005,633,501,670
838: 106,138,266
1020: 331,642,827,901
1105: 891,1108
841: 794,461,778
842: 848,996,686,39
843: 1052,803
844: 756,1106
1109: 639,1052,1073,1088
1056: 828,340,409,1026
847: 260
848: 842,123,686,1075,109
849: 819,864,10
850: 832,777,20
851: 853,1045,23,959
1149: 766,970,1102
853: 851,121
854: 580,94
855: 1137,54,806
856: 610,128,877
1054: 334,112,1007,757
858: 394,85,731,1147,1016
859: 22,425,191
860: 935
1018: 695,1113,1078,311,282
862: 1135,400,481,195
863: 60,625,30,1136
864: 10,26,472,798,849,819
1146: 1082,534,338,107
866: 874,357
867: 1005,526
868: 474,501,83
869: 163,189,882,305
870: 72,674,627
1152: 442,330,4
872: 762,688,890,795,1002
873: 542
874: 866,736,821,545
875: 738,347,447,370
876: 913,153,946
877: 374,128,856,587,1035
878: 27,1081
879: 570,201
880: 939,977,826,964
881: 63,306
882: 563,163,869
1127: 104,426
884: 604,832,1025
885: 399,204,1043
886: 692,1142
887: 971,1112,1028,164,965
888: 789,229,678,712
889: 93,453
890: 688,872,49,918
891: 1105
892: 1000
893: 173,789
894: 1116,75,241
1053: 118,321,552
1073: 606,1088,1109,1052
897: 835,151
898: 281,294,50,355,231
899: 133,466,139
900: 675,245,126
901: 827,983,956,1020
902: 573,654
903: 37,366,462
904: 138,821,678,612,619
905: 313,34,211,713
1044: 401,1045,957,74,407
907: 1142
908: 
909: 799,629
910: 972,1086,924,623
1122: 490,240,451
912: 623,473
913: 876,99
914: 604,421,1025,569,277
1071: 987,1048,1093,170
1040: 614,199,966
917: 323,780,384,486,62
918: 49,890,1084
1072: 
920: 566,507
921: 697,537,431,670
922: 961,346
923: 365,1066
924: 1125,910,1086
925: 547,463,411,750
926: 1159,215,767
927: 339,735
928: 304,706
929: 721,1129,945
930: 21,801,431
931: 15,1042
932: 392,217
933: 719,1001,284
934: 960,440
935: 310,860,395,693
1166: 602,603
937: 676,513,978
1167: 517,172
939: 880,977,377
940: 665,1153,207,1103
941: 416,420
942: 145,977,348,377
1039: 682,289,973,330
944: 477,87,743
945: 929,721,958
946: 153,876,567
947: 450,430,111,747
948: 348,220,377
949: 283,1022,715,831,308,341,272
950: 998
951: 304,96
952: 491,428,376,517
953: 271,1010,200,1129
954: 128,452
955: 111,793
956: 194,983,648,901
957: 594,1031,1045,1044
958: 945
959: 476,851
960: 495,475,934,15
961: 507,758,922,346,559
962: 43,68,113,594,1031
963: 65,340,1004,410
964: 826,977,460,880
965: 469,421,1028,887,971,604
966: 199,640,1040
967: 481
1013: 380,702,1168,1117,397
969: 154,641,533,415
970: 116,326,1149,381
971: 887,1112,365,469,965
972: 910,511,623
973: 114,675,245,682,1039
974: 552,28,816,129
975: 3,1111,1006
976: 
977: 145,942,880,939,964
978: 513,937
1042: 256,15,931,495
980: 264,88,1,371
981: 631
982: 1099,565,477,87
983: 194,956,11,901
984: 347,590,780,62
985: 303,740
986: 307,1132
987: 125,1071,170,478
1090: 
989: 794,461,579
990: 829,550,351
991: 1062,404,1113,1140,300
992: 193
993: 444,369
994: 69
995: 315,10,26,585
996: 842,123
1148: 639,303,337,1088
998: 950
999: 120,1093
1000: 892
1001: 933,798
1002: 124,795,649,872
1003: 529,757,131
1004: 646,410,963,340
1005: 867,633,670,837,76
1006: 418,1111,975
1007: 805,334,1054
1008: 506,18,55,745
1009: 590,262
1010: 953,271,247,78
1011: 454,249,566,758
1012: 64,275,1169
1155: 250,1120,645,358