0: 867,1005,76
1: 531,701,980,371
2: 990,583
3: 1111,423,815
4: 117,289
5: 586,689,159,67
6: 855,806
7: 435,268,627,870
8: 1098,215,150,1007
9: 758,218,306
10: 864,26,849,995
11: 376,491,29,983,901,216
12: 548,554,797
13: 441,480
14: 403,810,614
15: 475,157
16: 786,213
17: 156,305
18: 55,506,362
19: 708,388,75,774,255
20: 850,79,1028,832
21: 1070,930,1049,883,1039,810
22: 859,1097,425
23: 959,851,186,476,594,68
24: 1043,724,348
25: 232,658,201,754
26: 864,10
27: 878,502
28: 974,552,1053
29: 569,376,11,194,983
30: 1067,863,221
31: 819,292
32: 722,308,668,1034,550
33: 769,253,1042,493,225
34: 905,313,825
35: 233,418,459,318
36: 767,1098,246
37: 572,462,548
38: 57,759,634,1038,861,69,222
39: 1036,686,467,1012
40: 174
41: 436,595,1123,434
1082: 1084,338,107,534
43: 615,551,68,113
44: 361,745,352,373,1019
45: 1118,595,568,499
46: 80,1006,123,996,91
47: 144
1043: 24,724,262,590,82
49: 221,360,688
50: 483,124,294,898
51: 764,299,439
52: 364,1106,307
1068: 156,528
54: 393,1012,806
55: 18,995,1008,745
56: 71
57: 759,38,369,585,222
58: 946,1124,790
59: 426,179
60: 863,643,625
61: 751,733,301,818
62: 984,780,119
63: 881
64: 558,972,275
65: 963,340
1085: 500,991,300
67: 309,5,159
68: 594,962,186,43,23
69: 1030,222,38,861,994
70: 352,709
71: 56
72: 743,206,627
73: 223,212,115
74: 121,401,673
75: 918,1116,19,708
76: 1005,0,341,722
77: 1124,490
78: 85,813,394
79: 850,20,832,680
80: 46,1006,91,133,466
81: 622,585,1030,222
82: 94,262,590,1043
83: 542,501,868
84: 888,487,1024,802
85: 276,858,394,591,78
86: 1003,546,453
87: 257,477,982,944
88: 980,320,657
89: 1117,702
90: 733,238,162
91: 269,996,80,46,466
92: 507,559
93: 700,434,1046,359,889
94: 262,82,347
95: 560,271,945,200,958
96: 304,951
1099: 982,310
1064: 396
99: 158,986
100: 593,183,267,241
101: 856,1045,435,268,792
102: 666,168,725
103: 314,142,523
104: 1047
105: 760,578,465
106: 677,736,879
107: 338,1067,360,1082
108: 161
109: 151,1075,558
110: 614,162,238
111: 839,793,955,573
112: 334,1054
113: 779,286,43,551,350,962
114: 574,538,330,245
115: 73
116: 744,326,339,970,381
117: 4,330
118: 799,321
119: 62,384
120: 405,999,1093
121: 407,957,74,638,673
122: 415,968,420
123: 842,848,46,996
124: 294,50,483
125: 987,230,485,478
126: 536,416
127: 139,133,218,466,1057
128: 374,954,877,856
129: 328,959,166
130: 747,450
131: 757
132: 227,1007,282,311
133: 899,127,80,466
1125: 644,562,1086,924
135: 827,642
1098: 8,246,215,767,36
137: 437,438,540,782
138: 821,266,619,838
139: 899,127,510
140: 556,592,482
1060: 335,741,1077,508
142: 538,103,314
1093: 999,120,1071
144: 47,992
145: 977,711,460,964
146: 195,1080,596,646,583
147: 534,1084,708
148: 339
1038: 634,309,38,861
150: 282,8,1007
151: 109,897,835,558
1086: 910,924,1125
153: 876,564,946
154: 969,355,533
155: 503,530,575
156: 1068,17
157: 755,15,475
158: 99,337,1088,606
159: 5,586,522,67
160: 204,1047,453,659
161: 108,528
162: 110,1013,733,90,751
163: 563,189,869,882
164: 1112,823,965,887,422
165: 546,259,483
166: 129
167: 
168: 822,739,102
169: 349,244,527
170: 987
1107: 1069
172: 772,549,1055,428,517
173: 368,313,893,487,825
174: 40,399,281
175: 242,1017
1096: 333
177: 615
178: 1014,1081,332
179: 738,426,59
180: 191,1031,214
181: 620,597
1081: 1014,178,878,332
183: 593,100,231,267
1089: 
185: 
186: 1079,476,23,68
187: 363,327,881
1100: 1116,872
189: 163,305,869
190: 272,596
191: 693,1031,425,859,180
192: 296,1115,608
193: 992,1002,502,1014
194: 983,956,569,29
195: 146,457,596
1048: 803,1073,606,909,799
1059: 
198: 427,298,413
199: 640,1013,966,614
200: 929,95,271
201: 570,754,776,25,658
1078: 524,725,498
203: 
204: 160,1047,486,659,885
205: 371,717,445
206: 288,627,743,72
207: 1072,1103,579
208: 637
209: 
210: 224,931,225,605
211: 905,701,713
212: 73,223,270
213: 677,16,256
214: 599,180
215: 926,767,8,1098
216: 901,1020,491,11,952
217: 903,932,424,664
218: 466,127,9,1057
219: 998,363,327,812
220: 1040,948
221: 360,49,643,30,688
222: 1030,69,57,38,585,81
223: 73,212,336
224: 607,931,210,232
225: 33,931,210
226: 254,1037,939,1040,880,684
227: 132,1007,522,632
228: 488,316,553,656
229: 789,676,937,712,513
230: 125,485,535,514
231: 355,593,183
232: 25,658,224,931
233: 35,975,418
234: 516,634
235: 748,359,1127,889
236: 676,937,541,674
1061: 790
238: 523,1032,110,90
239: 749
240: 689,1101
241: 718,267,100,894,378
242: 175,263,1017,253,1042
243: 440,1066,755,1112
244: 169,975
245: 973,675,114
246: 1098,36
247: 1016,953,271,1126,394
248: 357,473,912
249: 936,454
250: 358,1120,820
1083: 649,259,297,795
1035: 612,821,904
253: 33,769,1042,242,817,493,1017
254: 1037,226,684
255: 515,774,322,1116,19
256: 879,382,677,213
257: 1097,87,395
258: 917,384
259: 297,165,483,1083
260: 
261: 847
262: 94,509,590,82,1043
263: 242,1042
264: 711,460
1114: 651,665,635,1103
266: 619,138,802
267: 1063,718,241,100,183
268: 7,101,792,329,1044
269: 996,91,466
270: 212,396
271: 953,95,200,1016,247
272: 190,457,831,949
1101: 498,1018,240
1080: 146,646
275: 972,623,64,429
276: 85,858
277: 862,680,884,1033
1102: 766,1069
1126: 813,630,394,247,953
280: 714,778,631,981
281: 898,399,294,174
282: 695,150,311,132,1007
283: 341,797,554,392,715
284: 
1119: 1046,748,359
286: 113,779,962,957,401
287: 446,526
288: 206,627,435
289: 973,682,4
290: 803,629,909,653
291: 818
292: 849,819,31
1052: 1109,1073,843
294: 399,124,50,281,898
295: 992,1002
296: 192,1115,829,608
297: 259,795,1083
298: 671,198,361
299: 400,51,439,809
300: 1062,991,1085
301: 61,818
302: 1010
303: 337,740,985,639
304: 96,951
305: 869,189,17
306: 922,9
307: 52,1106
308: 32,412,550
309: 67,1038,441
310: 935,1099,395
311: 1092,282,695,132,525
312: 418,1111,815
313: 1027,938,173,34,825
314: 103,1039,142
315: 585
316: 228,553
1049: 1070,930,21,403,474
318: 459,35
1070: 21,1049,403,810,474
320: 471,373,1009,1001,657,88
321: 1053,118
322: 515,255,894,718,353
323: 917,370
324: 698,358,687,566
1028: 850,647,20,967,664
326: 744,116,970
327: 363,187,219
328: 129,476,959
329: 938,1044,268,792
330: 973,114,117
331: 642,727
332: 1081,178
333: 1096
334: 112,1054,805
335: 1060,741,734
336: 1071,223
337: 303,740,639,1088,158
338: 107,1082,534
339: 927,148,116,381
340: 65,963,1004,611,409
341: 283,797,1005,76
1024: 487,825,84,438
1037: 497,254,226,489
1103: 207,1072,1114,940,635
345: 372
346: 559,758,961,922
347: 984,854,94
348: 948,24,942
349: 169,527,535
350: 551,113,779,565
351: 412,581,550,990
352: 361,44,70,373,1001
353: 742,515,322
1063: 718,267,742
355: 231,154
356: 367
357: 248,473,730,866
358: 250,1120,687,324
359: 235,748,1046,1119,93,889
360: 221,49,1067,107
361: 745,352,44,298,671
362: 18,506,509
363: 327,881,187,219
364: 52
365: 923
366: 753,1022
367: 356
368: 173,938,1044,789
369: 516,993,57,759
370: 875,323
371: 205,531,1,980
372: 345,405
373: 471,320,1019,352,44,1001
374: 954,128,877,587,600
375: 1018
376: 491,11,519,29
377: 939,1040,948,977,942,880
378: 1116,894,872,241
1116: 894,378,1100,75,255
380: 1117,397
381: 116,339,970
382: 256,495
1077: 1060,741,508
384: 917,258,780,119
1074: 775
386: 1115,732
1033: 707,277,862,680
388: 19,774,1002
1066: 440,243,923
390: 704
391: 572,446
392: 554,402,1025,283,715
393: 847,54
394: 813,1126,247,85,858,78
395: 425,310,935,257
396: 1064,270
397: 380
398: 874,545,866
399: 885,294,174,281
400: 299,621
401: 286,957,74
402: 967,1025,392,715
403: 14,1070,1049,966,474,614
404: 824,524,1113,695,1092
405: 999,120,372
1075: 109,848
407: 121,957,851,594,853
1110: 443,1104
409: 611,1026,1004,340,703
410: 828,729,963
411: 561,750,925
412: 351,550,308
413: 587,600,512,198,427
1032: 523,238,574,1065
415: 122,968,419,420,533
416: 941,126
417: 667
418: 975,1111,312,233,35
419: 807,533,415,968
420: 415,122,941
421: 604,965,469
422: 871,605,607,164,823,887
423: 1031,3,815
424: 217,664
425: 395,693,191,859,22
426: 59,179
427: 198,452,413,600
428: 549,172,517
429: 275
430: 1023,717,839,826
431: 921,537,801,930
1084: 1082,918,147,708
1030: 69,222,81,622
434: 93,1046,41
435: 7,288,627,101,1045
436: 791,41,1118,595
437: 137,438,802,781
438: 137,437,1024,540
439: 828,809,299,51,1004
440: 1066,243,475,934,755
441: 13,309
442: 737
443: 1110,814,1104,620
444: 472
445: 720,205
446: 287,391,526
447: 875
448: 812,598,681
449: 683,648
450: 747,130,947
451: 1122,993
452: 954,427,600
453: 889,160,1003,86,546,659
454: 687,249,936
455: 
456: 
457: 831,481,272,195
458: 1041,1021,624
459: 318,35
460: 964,711,264,145
461: 794,989,1011,841
462: 903,932,37,1025
463: 925,1000,704,547
1067: 30,360,107
465: 105,760
466: 218,80,269,91,127,133
467: 1012,645,39,820
1079: 186,476
469: 965,971,421
470: 793,654,955,753
471: 320,373,1019,1009
472: 864,798,444
473: 357,248
474: 966,1070,1049,633,403
475: 960,15,157,755,440
476: 1079,186,328,959,23
477: 779,565,982,944,87
478: 485,987,125
479: 1092,498,525,689
480: 13
481: 707,967,457
482: 140
483: 50,124,165,259
484: 663
485: 478,125,230,514
486: 204,885
487: 1024,825,173,893,888,84
488: 228,641
489: 497,1037
490: 1122,1124,77
491: 376,11,517,952,216
1091: 576
493: 817,33,253,601
1087: 1090
495: 960,382
1069: 766,1102,1107
497: 1037,672,747,489
498: 1101,1078,479
499: 1121,45,1118
500: 1085,991,746
501: 837,633,868,83
502: 193,27
503: 155,624,575,822
1112: 164,823,243,971
505: 616,643,762,688
506: 18,362,745,509,1019
507: 961,920,559,92
508: 521,1060,1077
509: 590,506,362,262
510: 788,139
511: 910,599,972,623
512: 413,587
513: 612,229,937,978
514: 527,535,230,485
515: 774,255,322,353
516: 369,234,759
517: 428,172,491
518: 788
519: 376
520: 
521: 508
522: 586,227,632,159
523: 238,1032,103
524: 824,404,725,1078
525: 586,311,479,689
526: 670,287,446
527: 535,514,169,349
528: 161,1068
529: 
530: 155,575,666
531: 701,1,713,371
1115: 386,192,296,732,663
533: 969,154,419,415
534: 147,338,1082
535: 527,514,230,349
536: 667,126
537: 801,728,697,921,431
538: 142,114,574
1047: 204,160,104
540: 699,137,438
541: 236
542: 83,868,640
1092: 311,479,404,695
544: 
545: 874,398,736,786
546: 1003,86,453,165,659
547: 925,463,772,750
548: 12,572,37
549: 772,172,428
550: 351,412,581,32,308,1034
551: 350,43,615,113
552: 28,974,1053
553: 684,228,316,656
554: 392,12,283,797
555: 757
556: 140,592,1034,581
557: 
558: 64,109,151,972
559: 346,578,507,92
560: 953,95,892,958,630
561: 411,750,1055,577
562: 674,1125,924,1029,978
563: 163,732,663
564: 739,1021,876,153
565: 477,779,350,982
566: 687,698,324
567: 719,946
568: 45
569: 29,194
570: 201
1117: 89,702,380
572: 391,37,548
573: 793,902,839,111
574: 114,538,1032,1065
575: 822,666,503,155,530
576: 1091
577: 908,1055,561
578: 559,105
579: 207,1072
580: 854,994,738
581: 351,550,1034,556
1036: 39,820,936
583: 646,596,146,2
584: 1095,613,700
585: 315,57,222,81
586: 525,5,522,159
587: 413,600,512,374
1124: 710,58,490,77
589: 734,741
590: 509,262,82,1043,724
591: 85
592: 140,556
593: 100,183,231
594: 962,68,851,23,407,957
595: 45,1118,436,41,1123
596: 190,195,146,583
597: 721,814,620,181
598: 681,448
599: 214,511,972
600: 413,587,452,374,427
601: 770,654,817,493
602: 737,771,603
603: 602,771
604: 914,421,965,887
605: 422,871,607,210
606: 1073,1088,158,1048
607: 224,422,605,823
608: 829,761,192,296
609: 794
610: 792,938,1027
611: 409,1026,1004,340
612: 513,1035,712,678,904
613: 1095,584,700,1003
614: 110,403,14,199
615: 43,177,551
616: 505,795
1055: 772,172,561,750,577
618: 
619: 266,888,678,138,904
620: 181,443,814,597
621: 683,648,400
622: 81,1030
623: 275,511,910
624: 503,458,1041
625: 863,60
1046: 1119,359,93,434
627: 206,288,72,7,435,870
628: 728,656
629: 909,290,653
630: 813,1126,560,953,892
631: 778,280,981
632: 227,522
633: 501,474
634: 1038,234,759,38
635: 1114,1072,1103,1011
1025: 402,462,932,392
637: 208
638: 669,121,673
639: 1109,1088,303,337
640: 199,1013,542
641: 969,488,807
642: 331,727,827,135
643: 60,505,221,688
644: 674,1125
645: 806,467
646: 583,146,1080
647: 1028,664
648: 449,621,683
649: 1083,795,762,872
650: 749
651: 665,1114,760
652: 805
653: 290,629
654: 793,470,902,817,1017,601
1045: 856,101,435
656: 628,228,553
657: 711,320,1009,88
658: 25,232,776,201,769,1042
659: 453,204,160,546
1118: 45,595,1121,499,791,436
1031: 693,191,423,180
662: 1108
663: 484,732,1115,563
664: 217,932,424,647,1028
665: 651,1114,760,940
666: 575,530,725,102
667: 536,417
668: 1034,722,32,873
669: 638,853
670: 526,867,837
671: 298,1008,361,745
672: 497,747
673: 121,74,638
674: 644,562,236,937
675: 900,773,682,973,245
676: 229,789,236,937,1044
677: 106,786,879,256,213
678: 712,893,612,888,619,904
1111: 975,418,312,3,815
680: 277,884,79,832,1033
681: 598,448,812
682: 773,675,289,973
683: 621,449,648
684: 553,1040,254,226
685: 
686: 1012,848,39
687: 566,454,358,1120,324
688: 762,643,505,221,49
689: 240,479,525,5
1029: 978,562,924,912
691: 1020
692: 886
693: 191,1031,935,425
1104: 981,1010,443,1110
695: 282,1113,404,311,1092
1121: 499,1118
697: 728,537,921
698: 324,566
699: 540,720
700: 93,584,613,1003
701: 531,1,211,709
702: 1117,89
703: 726,1056,409,1026
704: 390,463
1026: 611,409,703
706: 928
707: 1033,481,967,850
708: 19,1084,918,75,147
709: 70,701
710: 946,1124
711: 657,264,145,460
712: 678,893,229,789,612
713: 211,905,531
714: 280,981,1010
715: 831,392,402,283
716: 775
717: 839,205,1023,430
718: 1063,267,241,894,322
719: 567,1053
720: 445,699,782
721: 597
722: 32,873,76,668
723: 
724: 24,1043,590,1009
725: 524,666,102,1078
726: 1056,703
727: 331,642,1016,731
728: 628,697,537
729: 410
730: 357,866
731: 858,727,1016
732: 386,1115,563,663
733: 90,162,751,61
734: 589,335
735: 744,927
736: 106,874,545
737: 602,442
738: 179,994,580
739: 564,822,168
740: 303,337,985
741: 335,1060,1077,589
742: 353,1063
743: 944,206,72
744: 116,326,735
745: 361,44,1008,671,55,506
746: 500
747: 130,450,672,497
748: 235,783,359,1119
749: 650,239
750: 411,561,547,925,772,1055
751: 61,162,1013,733
1097: 257,22
753: 366,470,955,1022
754: 201,25
755: 157,475,440,243
756: 844
757: 555,131
758: 9,961,922,346
759: 57,38,369,516,634
760: 105,465,651,665
761: 829,608
762: 688,872,505,795,649
1088: 1109,639,337,158,1073,606
764: 51
1095: 584,613
766: 1102,1069
767: 36,926,215,1098
1108: 1105,662
769: 33,253,1042,658
770: 601
771: 602,603
772: 549,172,1055,547,750
773: 675,682
774: 515,255,19,388
775: 716,1074
776: 201,1042,658
777: 832,871,887
778: 841,794,631,280
779: 113,477,286,565,350
780: 917,384,984,62
781: 437
782: 137,720
783: 748,1127
1120: 250,358,820,936,687
1027: 313,610,938
786: 16,545,677
787: 
788: 510,518
789: 229,676,1044,368,712
790: 1061,58
791: 436,1118,796
792: 610,101,268,329
793: 654,470,955,573,902,111
794: 461,989,841,778,609
795: 297,616,762,1083,649
796: 791,886
797: 283,341,12,554,1005
798: 864,472,849,819
799: 909,1048,118
1034: 668,32,581,550,556
801: 537,431,930
802: 266,84,437
803: 843,1048,290,909
1041: 458,624
805: 652,334
806: 645,54,6,855
807: 419,969,641
1062: 991,300,1113,824
809: 439,828,299
810: 14,1070,21,1039
1106: 844,52,307
812: 448,681,219
813: 630,1126,394,78
814: 443,1010,597,620
815: 3,1111,312,423
816: 
817: 493,1017,654,253,601
818: 291,61,301
819: 849,292,798,31
820: 250,1120,467,1036
821: 138,904,1035
822: 575,168,503,739
823: 1112,164,607,422
824: 524,404,1062,1113
825: 487,1024,313,173,34
826: 1023,430,947
827: 642,135
828: 439,809,410,1004,963
829: 761,296,608
1058: 
831: 457,715,949,272
832: 777,20,79,680,884
1057: 127,218
1094: 
835: 151,897
1113: 1062,991,824,404,695
837: 501,670
838: 138
839: 717,111,430,573
1105: 891,1108
841: 778,794,461
842: 123,848,996
843: 803,1052
844: 756,1106
1109: 639,1088,1052,1073
1056: 726,703
847: 393,261,855
848: 842,123,686,1075
849: 819,292,798,864,10
850: 20,79,1028,967,707
851: 959,23,594,853,407
1065: 574,1032
853: 851,407,669
854: 580,347
855: 6,847,806
856: 877,101,1045,128
1054: 334,112
858: 276,85,731,1016,394
859: 22,425,191
860: 935
861: 994,1038,38,69
862: 277,1033
863: 60,625,30
864: 472,26,10,798,849
1123: 595,41
866: 874,357,730,398
867: 670,0
868: 966,501,542,83
869: 305,882,163,189
870: 627,7
871: 422,605,887,777
872: 762,649,890,378,1100
873: 722,668
874: 545,866,398,736
875: 370,447
876: 913,1021,564,153
877: 856,374,128
878: 27,1081
879: 256,106,677
880: 977,939,377,226
881: 363,187,63
882: 869,163
883: 21,1039
884: 277,680,832
885: 399,204,486
886: 692,907,796
887: 164,422,871,777,604
888: 619,84,678,893,487
889: 453,235,359,93
890: 918,872
891: 1105
892: 560,630
893: 712,678,173,487,888
894: 1116,378,718,241,322
1053: 321,28,552,719
1073: 606,1109,1088,1052,1048
897: 151,1090,835
898: 281,294,50
899: 139,133
900: 675
901: 216,11,983
902: 793,654,573,1017
903: 217,462
904: 821,678,612,1035,619
905: 211,713,34
1044: 329,268,789,676,368
907: 886
908: 577,929
909: 629,799,803,1048,290
910: 511,1086,924,623
1122: 490,451,1018
912: 1029,978,248
913: 876
914: 604
1071: 999,1093,336
1040: 939,220,377,684,226
917: 258,780,384,323
918: 890,75,1084,708
1072: 207,1103,635,989,1011,579
920: 507
921: 431,697,537
922: 306,758,346
923: 1066,365
924: 910,1086,1125,562,1029
925: 463,1000,547,411,750
926: 215,767
927: 339,735
928: 706
929: 945,200,908
930: 21,1049,801,431
931: 224,210,232,225
932: 217,462,1025,664
933: 
934: 960,440
935: 310,860,395,693
936: 249,1036,1120,454
937: 229,676,236,674,978,513
938: 329,610,1027,313,368
939: 1040,377,880,226
940: 665,1103
941: 416,420
942: 977,348,948,377
1039: 314,883,21,810
944: 743,477,87
945: 929,95,958
946: 710,58,153,567
947: 826,450
948: 348,942,220,377
949: 831,272
950: 998
951: 96,304
952: 491,216,1020
953: 560,271,247,630,1126
954: 374,128,452
955: 793,470,111,753
956: 194,983
957: 121,407,594,962,286,401
958: 945,560,95
959: 851,23,476,328,129
960: 495,475,934
961: 507,758,346
962: 594,68,113,286,957
963: 65,340,828,410
964: 460,145,977
965: 164,971,604,421,469
966: 868,474,403,199
967: 402,850,1028,707,481
968: 415,122,419
969: 154,641,807,533
970: 116,326,381
971: 1112,965,469
972: 275,599,511,558,64
973: 289,330,245,675,682
974: 28,552
975: 418,1111,244,233
976: 
977: 145,942,964,377,880
978: 1029,562,937,513,912
1042: 33,769,253,242,263,776,658
980: 88,1,371
981: 1104,631,714,280
982: 1099,477,565,87
983: 194,956,29,11,901
984: 347,62,780
985: 303,740
986: 99
987: 125,170,478
1090: 1087,897
989: 794,461,1011,1072
990: 2,351
991: 1062,300,1113,1085,500
992: 295,193,1002,144,1014
993: 369,451
994: 861,69,738,580
995: 1008,10,55
996: 269,91,842,123,46
997: 
998: 219,950
999: 405,120,1093,1071
1000: 925,463
1001: 352,320,373
1002: 295,992,193,388
1003: 86,546,700,453,613
1004: 439,828,340,611,409
1005: 76,0,341,797
1006: 80,46
1007: 132,227,282,150,8
1008: 995,671,55,745
1009: 471,320,1019,724,657
1010: 302,714,1104,814
1011: 461,989,635,1072
1012: 467,54,686,39
1013: 199,640,162,751
1014: 1081,178,992,193
1015: 
1016: 247,727,271,858,731
1017: 817,242,175,654,902,253
1018: 1122,375,1101
1019: 471,373,1009,506,44
1020: 216,952,691
1021: 458,876,564
1022: 753,366
1023: 717,826,430
1127: 235,783