0: 797,76,867,83
1: 70,352,320,657
2: 583
3: 244,527,169,860,935
4: 117,289
5: 240,234,689,525,586,159,1018,67
6: 855,806
7: 435,288,627,101
8: 1098,215,150
9: 218,306,922
10: 671,849,995
11: 376,491,29,216,952
12: 867,572,865,797
13: 309,480,131,1096
14: 403,614
15: 224,607,232,157
16: 786,510,213
17: 305
18: 94,362,622
19: 774,388,708,147,295
20: 784,664,871,850
21: 122,420,1034,883
22: 859,1097
23: 959,476,851,186,594,68
24: 119,348,948
25: 232,658,201,754
26: 
27: 878
28: 974,552,1053
29: 983,194,1020,376,11,216
30: 1067
31: 933,819
32: 873,722,308,668
33: 225,769,253,493,770
34: 905,313,1024
35: 318,1077,233,1012
36: 1098,767
37: 391,572,865
38: 222,69,57,759
39: 820,936
40: 220,1043,399,281,316,174
41: 436,692
1082: 107,338
43: 615,551,68,113
44: 320,509,724,471
45: 499,595,791
46: 80,91,429,64,123,996
47: 144
1043: 384,220,40,258,917,399
49: 221,360,688
50: 898,483,259,593
51: 400,299,827
52: 986,364,458,1021,307
1068: 156,161
54: 694,1087,897,1090
55: 361,995,671
56: 
57: 759,585,222,38
58: 77,710,492
59: 994,441,179
60: 863,643,1095,616
61: 733,1013,751,90
62: 948,1009,684
63: 306,1011,922,881
64: 429,123,46
65: 963
1085: 356,500,300,367
67: 1018,1046,234,5,159
68: 594,962,186,43,23
69: 222,38,622,854,1030
70: 1,373,709,352
71: 726,703,661
72: 1044,743,206,627
73: 223,212,115
74: 121,401,673,1008
75: 890,918,1100,774,708,255
76: 0,83,722
77: 1045,492,375,58
78: 813,394,85
79: 832,884,277
80: 91,133,46,429
81: 362,585,222
82: 1019,184,780,347
83: 0,76
84: 888,487,438,802,266
85: 394,78,591
86: 700,546,165,453,584,659
87: 257,477,982,944
88: 657,205,980,711,717,264
89: 592,1094,380
90: 148,733,61,927
91: 80,133,46,269,996,466
92: 507,559
93: 584,889,434,359
94: 18,622,854,347
95: 945,929,1010,1026,271
96: 304
97: 724,590
1064: 396,1031
99: 158,458,606
100: 593,355,1040,267
101: 856,435,7
102: 168,524,1061,325,1078,375
103: 314,142,723,523
104: 160,875
105: 760,465
106: 736,677,838
107: 1082,360
108: 
109: 1075,897,835,151
110: 614,162
111: 947,955,793
112: 334,1054
113: 779,43,551,350
114: 574,538,330,245
115: 73
116: 744,326,970,381
117: 4,330
118: 799,909
119: 24,780,984
120: 405,999,1093,588
121: 74,853,407,638,673
122: 415,21,419,420
123: 842,64,46,996
124: 1047,294,885,898,483
125: 987,230,485,478
126: 416
127: 133,218,466,1057
128: 374,954,284,433,877,856
129: 328,959,166
130: 747,1017,450,446,391
131: 1096,632,480,13
132: 227,150,282,311,522
133: 80,91,899,127,466
134: 299,827,285,340
135: 203,642,1056,800,703
1098: 36,8,215,767
137: 540,768,263
138: 821,266,781
139: 398,730
140: 592,581,556
1060: 335,741,508
142: 538,103,314,723
1093: 999,120,1071
144: 178,47
145: 964,1023,711,264
146: 1080,680
147: 534,19,1014,295
148: 90,301,685
1038: 258,160,204,486
150: 132,227,282,8
151: 599,558,214,835,109
1086: 644,674,910,924
153: 876,913,564
154: 231,667,488,1039,969,1002
155: 666,530,575,822
156: 1068,189
157: 755,15,607
158: 696,99,337,639,606,1088
159: 586,5,67
160: 235,104,1038,204
161: 528,1068
162: 733,110,751
163: 563,882,869
164: 422,823,887,1033
165: 86,546,659,1047
166: 816,129
167: 
168: 102,725,1061,822,739,1045,790
169: 349,527,3,244
170: 987
171: 379,445
172: 772,549,428,1055,517
173: 368,893,487,1024
174: 316,488,1039,40,281
175: 1042,776,242,263,253
1096: 555,333,131,13
177: 615
178: 144,342
179: 738,59,994
180: 191,693,423
181: 721,958
1081: 332
183: 231,355,1063,267
184: 780,347,984,82
185: 530
186: 1079,476,23,68
187: 922,578,881
1100: 894,872,890,75
189: 528,156
190: 272
191: 180,425,859
192: 663,296,608
193: 502,388,515
194: 1020,569,764,648,29
195: 596,457,481
1048: 282,991,824,404,695
1059: 
198: 298
199: 640,966
200: 1055,571,517,491,952
201: 1028,25,658,754
1078: 325,498,102,524,479
203: 642,135,727,276,731,800
204: 659,1047,235,160,1038,486,885
205: 88,980,371,717,379
206: 288,627,743,72
207: 579
208: 637,1058
209: 300,1062
210: 224,931,424,605
211: 701,905
212: 73,223,270
213: 1029,677,16
214: 815,423,835,599,151
215: 926,767,1098,8
216: 331,11,983,29
217: 664,462,647
218: 9,127,1057,306
219: 998,327,651
220: 384,40,1043,1009
221: 360,49,643,688
222: 69,38,57,81,622
223: 73,212,336
224: 15,931,210,607,232,605
225: 33,769,424,770,931
226: 880,826,672
227: 132,150,522,1007
228: 628,684,316,656
229: 236,676,937
230: 125,485,535
231: 154,183,667,355
232: 25,15,224,931
233: 1031,1077,35
234: 240,5,516,1018,67
235: 160,453,1003,204,659
236: 870,676,644,674,229,937
1061: 102,168,1045,790,375
238: 690,735,1065
239: 749
240: 234,689,5,498,451,516
241: 718,267,1040,322,894,378
242: 782,263,175,817,253
243: 440,1066,755,823,1035
244: 3,169,975
245: 973,675,114
246: 632,1007,757
247: 1026,271,691,727,731
248: 357,912
249: 454,936,414
250: 358,820,687
1083: 297,259,593
252: 621
253: 33,769,242,175,817
254: 1005,697,497,489
255: 75,322,894,774
256: 879,1029,382,495
257: 1097,87,395
258: 1038,917,323,486,1043
259: 50,483,297,1083,593
260: 261,459,1090,1087
261: 260,318,811,459
262: 509
263: 242,782,137,437,175,1042
264: 717,460,711,88,145,964
265: 925,463
266: 802,781,84,138
267: 1063,718,241,100,1040,183
268: 329,636
269: 414,996,91,466
270: 212,396
271: 1026,247,95,858
272: 190,457,831,949
273: 1001
1080: 146,400,862
275: 972,511,623
276: 731,203,800
277: 680,862,884,79,683
278: 1010,958,560
279: 661,409,611
280: 631,411,561,714,814
281: 641,399,294,40,174,1039
282: 1048,695,311,132,150
283: 715,554,341,949
284: 669,638,433,128
285: 1056,901,134,827
286: 962,779,401,957
287: 446,526,1037
288: 206,627,435,1008,7
289: 973,682,4
290: 629,653
291: 1013,818,380
292: 427,819
1052: 1073,843
294: 399,885,124,898,281,641
295: 992,147,19,388,1014
296: 192,1032,829,608
297: 649,259,1083
298: 671,361,198
299: 134,51
300: 209,356,1085
301: 685,397,818,1013,148
302: 814,908,714,945,721,597
303: 985,337,639
304: 96,951
305: 869,17
306: 1057,63,1011,218,9,922
307: 844,52,364,1021,624
308: 1022,341,32,412
309: 13,441
310: 935,1006,1099,395
311: 1092,695,282,132,525
312: 1090,459,418,815,1036
313: 34,905,1024
314: 103,810,142
315: 585
316: 656,488,174,1039,40,228
1049: 728,697
318: 508,35,521,1012,811,261
1070: 633,930,474,403
320: 352,44,1,471
321: 913,799
322: 894,718,241,255,353
323: 917,370,447,258
324: 698,358,687,566
325: 1078,498,102,490,375,451
326: 744,116,970
327: 363,760,219
328: 129,959,476
329: 268,938,792
330: 973,114,117
331: 216,952,691,642,727
332: 1081
333: 555,1096,408
334: 112,1054,805
335: 1060,741,734
336: 1071,223
337: 303,985,639,740,158
338: 532,1082,534
339: 927
340: 134
341: 308,1022,949,283
342: 178
1037: 489,672,747,287
344: 
345: 588,372
346: 559,578,758,961,507
347: 184,94,1019,82
348: 377,24,948
349: 169,527,535
350: 551,113,779,565
351: 412,581,550,990
352: 320,745,373,70,1
353: 742,322,515
1063: 718,267,183
355: 593,100,231,183
356: 1085,300,367
357: 248,912,730
358: 250,687,324
359: 783,568,434,748,93,889
360: 221,49,1067,107
361: 55,745,671,298,373
362: 81,622,18
363: 327
364: 52,986,307,844
365: 1035,923,1004
366: 601,903,470
367: 746,356,1085
368: 173,789,893
369: 516,993
370: 447,323
371: 531,205,379
372: 345,588,405
373: 745,361,352,70
374: 954,128,877,600,587,1027
375: 490,102,1061,1045,77,325
376: 491,1016,11,1020,29
377: 942,348,977,939,880
378: 894,872,1040,241
379: 171,205,531,371,430
380: 291,1094,89
381: 116,970
382: 754,879,256,495
1077: 508,35,589,741,233
384: 220,1043,917,1009
1074: 775
386: 732,592
387: 998,950
388: 19,774,295,992,193
1066: 440,243,1035,923
390: 704
391: 37,130,1017,446
392: 932,402,554,715
393: 855,847
394: 85,813,78
395: 310,935,257
396: 1064,270
397: 301,685,818,528
398: 866,139,510
399: 294,40,1043,281
400: 1080,51
401: 957,74,286
402: 932,462,392,967
403: 14,1070,474
404: 1092,695,824,1048
405: 999,120,372,588
1075: 109,897,686
407: 853,851,594,121,957
408: 333
409: 611,661,279
410: 828,729,963
411: 561,750,925,463,631,280
412: 351,308,1022,550
413: 512,600
414: 269,996,842,936,249
415: 122,533,1002,419,420
416: 941,126
417: 536,667,1002
418: 1012,459,1036,312
419: 968,415,122
420: 415,122,21,941,1034
421: 469,519,914,965,569
422: 823,164,607,605,887
423: 214,180
424: 770,225,931,210
425: 191,693,859
426: 875
427: 452,292
428: 549,172,1016,517
429: 64,80,46
430: 717,460,573,379
431: 921,537,633,837,501
1084: 534,918,708
433: 673,1008,284,638,128,856
434: 568,595,359,93
435: 1008,288,856,101,7
436: 791,692,595,41
437: 802,263,1042
438: 487,1024,84
439: 828,809
440: 1066,934,243,475,755
441: 59,861,1046,309
442: 737
443: 814,597,620
444: 492,490,993
445: 720,531,171
446: 548,526,287,130,391
447: 1019,370,323
448: 812,598,681
449: 604,914,884,683,648
450: 1017,947,955,130
451: 490,325,498,240,516,993
452: 427,954
453: 584,1003,235,86,659
454: 249,820,687
455: 
456: 
457: 831,481,272,195
458: 52,986,696,99
459: 1012,811,418,260,261,312,1090
460: 717,430,264,964,839
461: 794
462: 932,402,217,1025,647,967
463: 841,778,265,925,411,631
1067: 30,360
465: 105
466: 91,133,269,127
467: 806,855,847,848
1079: 186,476
469: 519,421,1004,971,965
470: 493,654,366,601
471: 711,660,320,44
472: 798
473: 562,912,623
474: 633,1070,501,403
475: 960,440,934
476: 959,23,1079,186,328
477: 779,982,565,944,87
478: 485,987,125
479: 1092,1078,498,525,689
480: 632,131,13
481: 707,457,195
482: 1076,1094,705
483: 50,898,259,124,1047
484: 663
485: 478,125,230,514
486: 885,1038,258,204
487: 438,1024,173,893,84,888
488: 316,656,174,1039,154,969
489: 672,1037,254,697
490: 444,492,375,451,325,993
491: 376,1016,11,517,200,952
492: 444,490,77,58
493: 470,817,33,601,770
1087: 840,54,260
495: 960,256,1029,382
1069: 766
497: 939,880,254
498: 325,1078,479,451,240,689
499: 45
500: 1085,991
501: 837,431,633,474
502: 193,992
503: 624,575
504: 
505: 795,616,643,762,688
506: 745,509
507: 961,346,559,92
508: 318,1077,1060,741,521
509: 262,506,44,724
510: 16,398,788
511: 910,972,275,562,623
512: 413,600,587,610
513: 978,937
514: 527,535,485,1006
515: 353,193
516: 369,993,451,240,234
517: 1055,200,428,172,491,1016
518: 788,1011
519: 469,421,1004
520: 666,1062
521: 318,508
522: 586,132,227
523: 103,723
524: 102,725,1078
525: 586,479,1092,311,689,5
526: 446,548,287
527: 535,514,169,349,860,1006,3
528: 161,189,685,397
529: 
530: 155,666,185
531: 371,699,713,379,445
532: 1089,338,1014
533: 969,1002,807,415
534: 147,1084,338,1014
535: 527,514,230,349
536: 417
537: 801,921,431
538: 142,114,574,723
1047: 204,659,124,165,885,898,483
540: 699,825,137,768
541: 870,676,1044,636
542: 868
1092: 404,479,695,311,525
544: 
545: 874,736,786
546: 700,86,165,613
547: 925,772,750
548: 446,526,572
549: 772,172,428
550: 668,351,412,581
551: 350,43,615,113
552: 28,974,1053
553: 628,684,1005
554: 392,283,715
555: 333,1096
556: 1032,581,140,592
557: 746,1041
558: 599,151,972
559: 346,578,507,92
560: 953,1010,958,892,278
561: 411,750,280,714,577
562: 473,511,623
563: 163,732
564: 876,153
565: 982,350,477,779
566: 698,324
567: 719
568: 595,434,748,359
569: 194,1020,914,421,648
570: 1028,838
571: 1055,200,1000,1026
572: 37,865,548,12,867
573: 430,839
574: 114,723,538
575: 822,739,503,155
576: 1091
577: 908,714,1000,561
578: 346,559,187
579: 207,1072
580: 854,1030,738,1019
581: 351,550,140,556,1032
1036: 815,418,312
583: 646,596,2
584: 93,453,889,1003,700,86
585: 315,57,81
586: 525,522,5,159
587: 512,600,374,610,1027
588: 345,372,405,120
589: 734,1031,741,1077
590: 724,97
591: 85
592: 140,89,556,1032,386
593: 100,355,50,259,1083
594: 962,68,23,851,407,957
595: 568,434,45,436
596: 195,583
597: 721,443,302,620
598: 681,448
599: 151,558,214
600: 413,512,587,374
601: 366,470,493,770
602: 737,771,603
603: 602,771
604: 449,914,965,1033,884,777
605: 871,224,210,607,422
606: 1088,158,99
607: 15,224,157,605,422
608: 761,829,192,296
609: 794
610: 938,792,1027,512,587
611: 409,279
612: 904
613: 700,546
614: 110,14
615: 43,177,551
616: 795,505,60
1055: 571,517,200,172
618: 
619: 888,678,904
620: 443,597
621: 683,764,648,862,252
622: 362,222,69,854,18,94
623: 511,275,562,473
624: 756,503,307,1021
625: 692
1046: 1018,67,634,441,861
627: 206,288,72,1044,7
628: 553,684,228,656,807
629: 290,653
630: 813,953,892
631: 280,778,463,411
632: 1007,246,480,131
633: 930,1070,474,431,501
634: 1018,1046,759,861
635: 989,665,950,940,1072
636: 676,541,268
637: 208
638: 284,669,853,121,433,673
639: 303,337,158,1088
640: 199
641: 281,294,898,1039
642: 203,135,727,331
643: 863,60,505,221
644: 674,1086,236,870
645: 806
646: 583
647: 1025,850,967,217,664,462
648: 621,683,764,449,914,194,569
649: 297,795,762
650: 749
651: 665,950,219
652: 805
653: 290,629
654: 470,817,902
1045: 790,77,946,168,1061,375
656: 316,488,628,228,969,807
657: 88,980,1,660
658: 25,776,201,769
659: 204,1047,453,235,86,165
660: 471,657
661: 279,409,71
662: 
663: 192,732,484
664: 20,784,217,647,850
665: 651,940,635
666: 155,530,822,520,725
667: 154,231,1002,417
668: 550,873,32,705
669: 284,638,853
670: 921,837
671: 10,298,995,55,361
672: 489,1037,226,747
673: 433,1008,121,74,638
674: 644,1086,236,924,978,937
675: 773,682,973,245
676: 236,870,541,636,229
677: 106,786,213
678: 712,893,888,619
679: 751
680: 277,862,146
681: 598,448,812
682: 773,675,289,973
683: 621,648,449,277,862
684: 553,628,228,62
685: 301,397,148,528
686: 848,1075
687: 250,358,454,324
688: 762,505,221,49
689: 240,5,479,498,525
690: 735,238,733,927
691: 331,952,247,727
692: 436,41,625
693: 180,935,425
694: 54
695: 404,1092,311,824,282,1048
696: 158,986,458
697: 254,1005,489,1049
698: 324,566
699: 713,540,531,720,768
700: 86,546,584,613
701: 211,1001,709
702: 
703: 988,135,726,71
704: 390
705: 668,482
706: 1029,928
707: 481,1025,967
708: 19,774,918,75,1084
709: 70,701
710: 58
711: 471,88,145,264
712: 678,893,789
713: 699,825,531
714: 908,577,1000,561,280,814,302
715: 283,554,392,831
716: 775
717: 460,430,264,88,205
718: 1063,267,241,322,742
719: 1053,567
720: 902,445,699,782,768
721: 181,597,958,302,945
722: 873,32,76
723: 574,142,538,103,523
724: 97,590,509,44
725: 168,524,666,822
726: 71,1056,703
727: 203,642,331,691,247,731
728: 1049,968
729: 410
730: 357,866,139
731: 858,276,247,203,727
732: 386,663,563
733: 162,61,690,90
734: 589,335,741
735: 690,1065,238,785,927
736: 106,821,545
737: 602,442
738: 179,994,580,1030
739: 575,822,168,790
740: 985,337,986
741: 335,1060,734,589,508,1077
742: 353,718
743: 944,206,72
744: 116,326,785
745: 361,373,352,506
746: 367,557,1041,926
747: 130,672,1037
748: 568,359
749: 650,239
750: 411,561,547,925,772
751: 679,162,61
1097: 257,22
753: 955
754: 382,201,1028,879,25
755: 157,440,243,823
756: 624,1015
757: 246
758: 961,346
759: 57,1018,634,38
760: 105,327
761: 608,829
762: 688,505,649
1088: 1073,606,639,158
764: 621,648,194,956
1095: 60
766: 1069
767: 926,215,36,1098
768: 782,699,540,137,720
769: 33,225,253,776,658
770: 424,493,33,225,601
771: 602,603
772: 549,172,547,750
773: 675,682
774: 19,388,708,75,255
775: 716,1074
776: 175,1042,769,658
777: 832,884,887,604,1033
778: 841,463,631
779: 113,477,350,286,565
780: 184,984,82,119
781: 802,266,138
782: 242,768,263,720,902,817
783: 359,889
784: 20,664
785: 735,1065,744
786: 16,545,677
787: 
788: 510,518
789: 368,712
790: 1045,739,946,168,1061
791: 436,796,45
792: 938,610,1027,329
793: 111
794: 461,609
795: 616,505,649
796: 791
797: 0,12
798: 933,472
799: 118,913,321
800: 203,135,276
801: 537,930
802: 266,781,437,84
803: 843,1073,909
1041: 926,746,557
805: 652,334
806: 467,855,6,645
807: 656,628,969,533
1062: 991,209,520
809: 439,828
810: 883,314
811: 1012,459,318,261
812: 448,681
813: 78,630,953,394
814: 443,302,280,714
815: 214,1036,312,835
816: 166
817: 493,654,242,782,253
818: 301,397,1013,291
819: 31,292
820: 39,936,250,454
821: 138,736
822: 575,739,155,666,168,725
823: 422,164,755,243,971,1035
824: 991,1048,404,695
825: 713,540
826: 226,880,977,964
827: 134,51,956,901,285
828: 439,809,410,963
829: 296,608,761
1058: 208
831: 457,715,949,272
832: 884,777,79,850
1057: 306,1011,127,218
1094: 1076,482,89,380
835: 897,815,214,151,109
836: 
837: 501,431,670
838: 106,570,1028
839: 460,573
840: 1087
841: 778,463
842: 123,936,414,996
843: 803,1052
844: 307,364
1076: 482,1094
1056: 285,135,726
847: 393,855,848,467
848: 686,847,467
849: 864,10
850: 1025,647,20,664,832
851: 959,23,594,407
1065: 735,238,785
853: 407,121,669,638
854: 580,1030,69,622,94
855: 393,847,6,806,467
856: 877,101,435,433,1008,128
1054: 334,112
858: 731,271
859: 22,425,191
860: 935,1006,527,3
861: 994,441,634,1046
862: 277,680,621,683,1080
863: 643,60
864: 849
865: 37,572,12
866: 398,730,874
867: 12,572,0
868: 966,542
869: 305,163,882
870: 236,676,541,1044,644
871: 605,887,20
872: 890,894,378,1100
873: 32,722,668
874: 545,866
875: 426,104
876: 913,564,153
877: 856,374,128,1027
878: 27
879: 256,1028,754,382
880: 226,826,377,977,939,497
881: 63,187,922
882: 163,869
883: 810,1034,21
884: 832,777,79,449,604,277
885: 294,486,204,124,1047
886: 907
887: 871,422,164,777,1033
888: 84,619,678,893,487
889: 93,584,1003,359,783
890: 918,75,872,1100
891: 997
892: 560,630
893: 712,678,173,368,487,888
894: 322,378,1100,872,241,255
1053: 28,552,719
1073: 1088,1052,803
897: 835,1090,54,109,1075
898: 50,483,124,1047,294,641
899: 133
900: 
901: 956,983,827,285
902: 720,782,654
903: 366
904: 612,619
905: 34,313,211
1044: 72,627,870,541
907: 886
908: 714,577,1000,302,945,929
909: 118,803
910: 511,911,924,1086
911: 910
912: 473,357,248
913: 876,799,153,321
914: 449,604,965,421,648,569
1071: 999,1093,336
1040: 100,378,267,241
917: 323,258,384,1043
918: 890,75,1084,708
1072: 579,940,635,989
920: 
921: 431,670,537
922: 187,9,306,63,881
923: 1066,365
924: 910,674,1086,978
925: 265,547,463,411,750
926: 1041,746,215,767
927: 339,690,735,90
928: 706
929: 95,945,908,1000,1026
930: 633,1070,801
931: 224,210,225,232,424
932: 462,402,392
933: 798,31
934: 440,960,475
935: 310,860,1006,3,395,693
936: 820,39,842,414,249
937: 513,978,236,674,229
938: 610,792,329
939: 497,377,880
940: 665,635,1072
941: 416,420,1034
942: 377,977,1023
1039: 316,488,174,281,641,154,969
944: 477,87,743
945: 95,929,1010,908,302,721,958
946: 1045,790
947: 111,955,450
948: 62,24,348
949: 1022,341,283,831,272
950: 651,998,387,635
951: 304
952: 331,691,491,11,200
953: 560,813,630
954: 374,128,452
955: 111,947,450,753
956: 983,901,764,827
957: 401,594,962,286,407
958: 181,721,945,1010,560,278
959: 476,23,851,328,129
960: 495,475,934
961: 507,758,346
962: 594,68,286,957
963: 65,828,410
964: 145,977,460,264,826
965: 604,914,1033,971,469,421
966: 868,199
967: 1025,647,462,402,707
968: 419,728
969: 533,1002,656,488,1039,154,807
970: 116,326,381
971: 1035,823,965,1033,469
972: 275,558,511
973: 289,330,245,675,682
974: 28,552
975: 244
976: 
977: 964,942,377,880,826
978: 513,937,674,924
1042: 175,776,437,263
980: 88,657,205,1001
981: 
982: 1099,565,477,87
983: 956,901,29,216
984: 184,780,119
985: 303,337,740
986: 52,364,458,740,696
987: 125,170,478
988: 703
989: 635,1072
990: 351
991: 1062,824,500,1048
992: 295,388,502
993: 369,516,444,490,451
994: 59,861,179,738,1030
995: 10,671,55
996: 269,414,842,123,91,46
997: 891
998: 219,950,387
999: 405,120,1093,1071
1000: 908,714,577,571,929
1001: 701,273,980
1002: 969,533,154,667,417,415
1003: 453,584,889,235
1004: 469,519,365
1005: 254,697,553
1006: 310,860,935,527,514,1099
1007: 632,227,246
1008: 435,433,673,74,288,856
1009: 62,384,220
1010: 95,945,958,560,278
1011: 1057,306,63,788,518
1012: 811,459,418,318,35
1013: 61,291,301,818
1014: 532,147,534,295
1015: 756
1016: 376,491,428,517
1017: 450,130,391
1018: 67,634,1046,234,5,759
1019: 82,447,580,347
1020: 194,569,376,29
1021: 52,307,624
1022: 308,341,949,412
1023: 145,942
1024: 487,438,313,173,34
1025: 647,850,967,462,707
1026: 247,271,571,95,929
1027: 610,792,374,877,587
1028: 201,570,838,879,754
1029: 213,256,706,495
1030: 580,854,994,69,738
1031: 589,1064,233
1032: 556,581,592,296
1033: 604,965,887,164,971,777
1034: 883,420,21,941
1035: 971,365,1066,243,823
1089: 532
1090: 312,897,459,260,54
1091: 576
1099: 982,310,1006